0	1	1.498224e-01
0	-16	1.268713e-08
0	17	1.268713e-08
0	-31	1.268713e-08
0	-36	1.268933e-08
0	39	3.236081e-02
0	40	1.268713e-08
0	-41	1.490971e-01
0	42	9.999331e-01
0	60	9.983422e-01
0	-65	1.707783e-15
0	66	9.569317e-23
0	-74	9.163382e-07
0	79	9.738341e-16
0	-84	9.999545e-01
0	85	3.239287e-22
0	88	9.644090e-23
0	98	4.994487e-08
0	-101	4.210334e-08
0	102	6.634433e-08
0	-114	1.268713e-08
0	115	1.268713e-08
0	120	3.804165e-08
0	-122	9.998420e-01
0	123	9.997098e-01
0	-123	4.994403e-08
0	-126	6.355617e-08
0	-155	9.999960e-01
0	156	9.999598e-01
0	-193	2.225723e-06
0	194	4.829688e-01
0	-199	1.677473e-08
0	-220	9.999590e-01
0	221	1.504296e-01
0	226	1.268713e-08
0	-233	1.286342e-01
0	256	1.268713e-08
0	-261	4.340981e-01
0	262	9.999619e-01
0	-281	9.999661e-01
0	282	9.999306e-01
0	298	5.394498e-02
0	306	1.268713e-08
0	-309	4.714542e-01
0	310	3.239229e-22
0	-318	3.312080e-01
0	-337	4.616048e-01
0	338	7.328230e-01
0	339	1.268713e-08
0	-362	9.999586e-01
0	363	9.999485e-01
0	394	4.209907e-08
0	-399	5.336037e-01
0	400	4.267231e-01
0	408	1.268713e-08
0	-421	9.999693e-01
0	-422	9.738341e-16
0	422	1.500248e-01
0	-435	1.268713e-08
0	441	1.268713e-08
0	-446	4.683666e-01
0	447	2.071370e-14
0	-472	9.999912e-01
0	473	9.999664e-01
0	483	1.268713e-08
0	-497	1.754141e-07
0	498	9.999448e-01
0	514	9.668441e-02
0	-518	9.999384e-01
0	519	6.798632e-01
0	-556	4.868952e-01
0	557	2.195155e-23
0	-564	4.745233e-01
0	-573	9.999391e-01
0	574	3.239228e-22
0	576	9.644089e-23
0	-578	1.268713e-08
0	-581	4.858405e-01
0	582	9.999660e-01
0	-595	9.999436e-01
0	596	1.975761e-01
0	-615	9.999960e-01
0	616	1.754405e-07
0	-618	9.999367e-01
1	2	1.000000e+00
1	3	9.738341e-16
-1	-4	9.989233e-14
-1	7	4.018058e-10
-1	123	1.711410e-05
-1	-344	9.516549e-02
-1	586	2.451287e-12
-1	-586	5.757448e-03
-1	-595	7.579576e-08
2	3	1.000000e+00
2	-518	3.360821e-17
3	4	1.000000e+00
4	5	1.000000e+00
-5	9	5.019812e-23
5	6	9.997747e-01
5	-6	1.268713e-08
-6	7	1.268713e-08
6	7	9.997747e-01
6	-8	1.960375e-19
7	8	1.000000e+00
7	9	9.738341e-16
8	9	1.000000e+00
9	10	9.999999e-01
9	11	9.738341e-16
-10	-386	9.738341e-16
10	11	9.999999e-01
10	387	9.738341e-16
11	12	1.000000e+00
11	13	9.738341e-16
12	13	1.000000e+00
13	14	1.000000e+00
13	15	9.738341e-16
14	15	1.000000e+00
15	16	1.000000e+00
15	-20	8.667331e-19
16	17	9.997747e-01
16	259	1.076080e-19
-16	21	4.183229e-16
-16	-35	1.076080e-19
17	-18	1.000000e+00
17	18	3.544376e-12
17	20	2.738504e-16
17	22	1.076602e-19
-17	-29	1.960375e-19
-18	-19	3.965254e-05
-18	19	2.468408e-04
-18	-20	3.065584e-08
-18	20	3.296421e-02
18	19	9.503505e-15
18	20	2.824092e-16
-19	20	9.565172e-05
-19	21	3.788539e-01
19	-20	9.984293e-01
19	20	1.530395e-04
20	21	4.420037e-04
-20	-100	6.260649e-16
-20	489	6.313763e-02
-21	-489	4.015914e-02
21	22	9.997747e-01
21	-30	1.268713e-08
22	23	1.000000e+00
22	31	2.461280e-19
22	-38	5.595503e-09
-22	28	1.268724e-08
23	24	9.993844e-01
23	-27	2.311129e-08
24	25	1.000000e+00
24	26	9.738341e-16
-24	27	4.773416e-12
-24	31	2.901019e-08
-25	30	9.144967e-23
25	26	1.000000e+00
26	27	9.999999e-01
26	-41	5.611162e-09
27	28	9.997747e-01
27	-261	3.013645e-10
28	29	1.000000e+00
28	30	9.738341e-16
29	30	1.000000e+00
30	31	9.997747e-01
31	32	9.997747e-01
32	33	9.999999e-01
32	34	9.738341e-16
-32	37	1.268823e-08
33	34	9.999999e-01
33	54	9.738341e-16
-33	-53	9.738341e-16
34	35	1.000000e+00
35	36	9.997747e-01
35	-41	3.410755e-05
35	-229	3.673080e-19
36	37	9.997747e-01
-36	-39	1.268713e-08
-36	54	2.461280e-19
37	38	1.830128e-03
37	39	6.675288e-02
37	-40	1.870089e-02
37	41	1.435501e-11
37	-55	1.032191e-12
-38	-41	5.369901e-07
-38	41	9.938320e-01
-38	94	4.071460e-17
-38	528	8.632152e-06
-38	-586	1.650170e-06
38	39	1.487493e-01
38	-40	6.654034e-02
38	41	7.476189e-06
38	-94	6.364680e-11
38	191	4.218425e-10
38	-618	1.031056e-06
39	40	9.997747e-01
39	-220	2.218355e-14
39	-356	4.324901e-19
-39	40	5.221398e-11
-39	194	6.466872e-04
-39	338	6.206893e-04
-39	346	2.800267e-04
-39	-518	5.838541e-07
40	41	1.832469e-03
41	-178	6.268064e-14
41	179	6.268064e-14
41	191	1.693611e-09
41	-192	2.364659e-12
41	375	1.427670e-14
41	582	3.211867e-07
-41	-193	1.372541e-11
-41	-585	7.386994e-13
42	43	1.000000e+00
42	44	5.932101e-23
-42	-49	2.319032e-17
-42	282	8.627598e-10
43	44	9.999999e-01
43	46	4.179064e-15
-43	-45	5.932101e-23
44	45	1.000000e+00
45	46	9.999999e-01
46	47	1.000000e+00
47	48	1.000000e+00
48	49	1.000000e+00
48	50	9.738341e-16
49	50	1.000000e+00
50	51	1.000000e+00
51	52	9.997747e-01
51	-52	1.268713e-08
52	53	9.997747e-01
-52	53	1.268713e-08
53	54	9.999999e-01
54	55	9.999999e-01
54	558	1.148305e-22
54	-570	9.738342e-16
54	-576	5.019983e-23
-55	570	9.738341e-16
55	56	9.997747e-01
55	-56	1.268713e-08
-56	57	1.268713e-08
56	57	9.997747e-01
-57	123	4.778425e-14
57	58	1.000000e+00
58	59	1.000000e+00
58	60	1.089927e-11
58	-65	3.257177e-22
58	575	1.148423e-22
59	60	3.539141e-11
59	-65	9.999997e-01
-60	65	8.944230e-16
60	61	1.000000e+00
61	62	1.000000e+00
62	63	1.000000e+00
-62	475	2.194813e-23
63	64	1.000000e+00
64	65	1.000000e+00
64	-446	1.364485e-14
65	66	4.042563e-19
65	-78	3.218068e-15
65	123	9.844435e-16
65	-330	2.566832e-18
65	-337	1.947450e-12
-66	75	1.000000e+00
66	67	9.999999e-01
66	68	9.738341e-16
-67	281	9.738341e-16
67	68	9.999999e-01
67	-280	9.738341e-16
68	69	1.000000e+00
68	70	9.738341e-16
68	-105	1.148193e-22
69	70	1.000000e+00
70	71	1.000000e+00
70	-72	3.136462e-19
71	72	9.997746e-01
71	81	1.268879e-08
71	562	1.206675e-15
71	597	4.732933e-16
-71	73	1.060089e-13
-72	-80	1.268816e-08
-72	-562	1.076167e-19
72	73	6.506788e-04
72	74	1.378072e-18
72	-74	9.980857e-01
73	74	1.000000e+00
-73	473	2.215356e-07
-73	-475	7.220000e-07
-73	491	2.624078e-05
-73	556	2.228878e-09
74	75	4.627034e-18
75	76	1.000000e+00
75	78	9.738341e-16
76	77	1.000000e+00
77	78	1.000000e+00
78	79	9.999999e-01
79	80	1.000000e+00
80	81	9.997747e-01
81	82	1.000000e+00
81	-376	5.021393e-23
82	83	1.000000e+00
83	84	9.999999e-01
83	109	1.148203e-22
83	-377	9.738585e-16
84	448	3.297978e-16
84	-596	1.102888e-10
-84	121	2.461281e-19
-84	377	9.738586e-16
85	-86	1.268713e-08
85	86	9.997747e-01
-85	-97	1.000000e+00
-85	-258	2.195889e-23
-86	87	1.268713e-08
86	87	9.997747e-01
87	88	1.000000e+00
87	-89	2.196166e-23
87	-99	9.644090e-23
87	-107	2.196166e-23
-88	-89	2.196166e-23
88	89	9.999999e-01
88	-105	9.738835e-16
88	-330	1.040020e-18
-89	106	1.148223e-22
-89	-413	9.738835e-16
89	90	3.239510e-22
89	-107	1.000000e+00
-90	108	1.000000e+00
-90	-225	1.076680e-19
90	91	9.999999e-01
90	92	9.738341e-16
-91	243	9.738341e-16
91	92	9.999999e-01
91	-242	9.738341e-16
-92	-464	1.148164e-22
92	93	1.000000e+00
93	94	9.999999e-01
93	116	9.738428e-16
94	95	9.997747e-01
94	-120	1.268713e-08
-94	-115	9.738428e-16
95	96	1.000000e+00
95	97	9.738341e-16
-95	108	1.076680e-19
-95	121	1.268713e-08
-95	-225	5.276163e-16
96	97	1.000000e+00
-97	330	5.019812e-23
97	98	3.777882e-15
97	528	1.250842e-13
98	99	1.000000e+00
-98	100	1.280489e-15
-98	616	9.988227e-01
99	100	1.000000e+00
100	101	1.000000e+00
100	102	4.773658e-12
101	102	9.993843e-01
-102	103	1.206548e-15
102	103	9.997747e-01
102	-103	1.268724e-08
102	104	5.276592e-16
-103	104	1.268724e-08
103	104	9.997747e-01
104	105	1.000000e+00
105	106	9.999999e-01
105	-122	8.466644e-16
-106	414	9.738341e-16
106	107	1.000000e+00
107	108	3.239510e-22
107	-346	1.358992e-22
108	109	9.999999e-01
108	110	9.738428e-16
109	110	9.999999e-01
109	-165	9.738341e-16
-109	-110	5.019984e-23
-109	167	9.738428e-16
110	111	1.000000e+00
-111	112	2.194678e-23
111	112	1.000000e+00
112	113	1.000000e+00
112	514	2.522664e-13
113	114	1.000000e+00
114	115	9.997747e-01
115	116	9.999999e-01
115	120	7.176391e-19
-115	156	2.242482e-13
116	117	1.000000e+00
116	118	9.738341e-16
-116	-119	2.465717e-22
-116	-120	2.461365e-19
117	118	1.000000e+00
118	119	9.999999e-01
118	206	9.738341e-16
119	120	6.027609e-11
119	-121	9.999997e-01
-119	-206	9.738341e-16
120	121	9.997747e-01
120	-309	5.598829e-10
-120	122	9.988604e-01
121	122	7.568610e-11
-123	-124	9.152910e-17
123	124	3.777752e-15
123	-124	3.235886e-19
123	-125	1.690378e-15
123	-126	9.989232e-01
-124	127	1.000000e+00
124	125	1.000000e+00
124	127	4.583311e-23
125	126	1.000000e+00
126	127	2.554707e-15
127	128	9.997747e-01
127	-128	1.268713e-08
128	129	9.997747e-01
-128	129	1.268713e-08
-128	-309	5.711132e-10
129	130	1.000000e+00
129	-141	6.954008e-23
130	131	1.000000e+00
-130	142	6.954008e-23
131	132	9.999998e-01
131	-136	4.088285e-19
131	-141	2.226790e-15
-132	137	4.088285e-19
-132	142	2.226790e-15
132	133	1.000000e+00
133	134	1.000000e+00
133	287	2.195525e-23
-134	-141	5.020433e-23
134	135	1.000000e+00
134	136	2.194678e-23
135	136	1.000000e+00
135	-284	3.136433e-19
136	137	1.000000e+00
-136	-137	2.194678e-23
137	138	1.000000e+00
-137	284	2.195988e-23
138	139	9.999999e-01
138	-142	1.148164e-22
138	185	9.738341e-16
139	140	1.000000e+00
139	141	9.738341e-16
139	142	1.148307e-22
-139	140	9.144967e-23
-139	-185	9.738341e-16
140	141	1.000000e+00
141	142	9.999999e-01
142	143	1.000000e+00
142	144	9.738341e-16
143	144	1.000000e+00
144	145	1.000000e+00
144	146	9.738341e-16
145	146	1.000000e+00
146	147	1.000000e+00
146	-518	2.054248e-17
147	148	9.999999e-01
147	-148	9.738341e-16
-148	149	9.738341e-16
148	149	9.999999e-01
149	150	1.000000e+00
150	151	1.000000e+00
151	152	1.000000e+00
152	153	1.000000e+00
153	154	9.999999e-01
153	453	9.738341e-16
-153	-421	6.603999e-17
-154	-453	9.738341e-16
154	155	1.000000e+00
155	-289	4.578707e-14
-156	-446	2.745513e-07
-156	-573	2.979239e-13
156	157	9.999999e-01
156	158	9.738428e-16
-157	160	5.019929e-23
-157	390	9.738341e-16
157	158	9.999999e-01
157	159	5.176845e-23
157	-389	9.738481e-16
-158	160	5.019964e-23
158	159	1.000000e+00
159	160	1.000000e+00
160	161	1.000000e+00
160	-179	2.195155e-23
161	162	1.000000e+00
-161	180	2.195155e-23
162	163	1.000000e+00
162	164	9.738341e-16
163	164	1.000000e+00
164	165	9.999999e-01
164	-319	2.211058e-11
-165	319	6.141764e-12
165	166	1.000000e+00
166	167	1.000000e+00
167	168	1.000000e+00
168	169	1.000000e+00
169	170	1.000000e+00
170	171	1.000000e+00
170	172	9.738341e-16
171	172	1.000000e+00
172	173	1.000000e+00
172	174	9.738341e-16
173	174	1.000000e+00
174	175	1.000000e+00
175	176	1.000000e+00
176	177	1.000000e+00
176	178	9.738341e-16
177	178	1.000000e+00
178	179	1.000000e+00
178	-586	9.550533e-14
-179	310	2.195711e-23
179	180	1.000000e+00
179	-333	5.019812e-23
180	-181	1.000000e+00
180	181	2.195159e-23
180	182	2.194678e-23
-180	-296	2.194678e-23
181	182	2.195159e-23
-181	182	1.000000e+00
182	183	9.999999e-01
182	-503	9.738341e-16
-183	503	9.738341e-16
183	184	9.997747e-01
183	188	1.268713e-08
-184	-187	1.268713e-08
184	185	9.999999e-01
184	186	9.738341e-16
184	190	2.461498e-19
185	186	9.999999e-01
186	187	9.997747e-01
186	-221	1.268713e-08
187	188	9.997747e-01
-187	222	1.268713e-08
188	189	9.997747e-01
188	-190	1.268767e-08
-189	190	1.268823e-08
189	190	9.997746e-01
189	-191	1.268823e-08
189	-348	1.076173e-19
190	191	9.997746e-01
190	-192	5.293392e-16
190	-193	1.205353e-12
190	193	5.277026e-16
-190	484	2.461571e-19
-191	-192	5.282193e-16
-191	193	1.268875e-08
-191	-527	2.608294e-15
191	192	9.997747e-01
-192	221	3.425704e-05
192	-193	1.199375e-04
192	193	9.997671e-01
-193	298	4.293896e-10
194	195	1.000000e+00
194	200	1.237489e-19
-194	200	3.085653e-05
-194	298	7.083060e-04
195	196	1.000000e+00
195	197	9.738341e-16
196	197	1.000000e+00
197	-198	1.268724e-08
197	198	9.997747e-01
-198	199	1.268724e-08
198	199	9.997747e-01
198	-573	1.924648e-14
199	200	9.997410e-01
200	201	1.000000e+00
201	202	1.000000e+00
201	205	2.195155e-23
202	203	1.000000e+00
202	-203	2.194678e-23
203	204	1.000000e+00
204	205	1.000000e+00
205	206	9.999999e-01
205	207	9.738341e-16
-205	-309	1.347388e-13
206	207	9.999999e-01
207	208	1.000000e+00
208	209	1.000000e+00
209	210	9.999999e-01
209	-217	9.738341e-16
-210	218	9.738341e-16
210	211	1.000000e+00
210	212	9.738341e-16
211	212	1.000000e+00
212	213	1.000000e+00
213	214	1.000000e+00
213	215	9.738341e-16
214	215	1.000000e+00
215	216	1.000000e+00
216	217	1.000000e+00
216	-220	4.907164e-17
217	218	9.999999e-01
218	219	1.000000e+00
218	220	9.738341e-16
219	220	1.000000e+00
220	221	2.125563e-07
-221	-250	1.097700e-13
-221	250	3.312359e-13
-221	-512	1.599339e-06
-221	616	3.522760e-05
221	222	9.997747e-01
221	-223	1.207039e-15
-222	223	2.461527e-19
222	-223	4.395837e-12
222	223	9.999999e-01
222	-224	3.736099e-19
-223	224	6.086586e-12
223	-224	9.990977e-01
223	224	1.266684e-07
223	249	3.238311e-15
-224	225	9.073697e-19
-224	249	9.984289e-01
-224	-501	3.137512e-19
224	225	6.553078e-19
224	249	4.393018e-07
224	-508	1.503526e-19
225	226	9.997747e-01
225	-232	3.534504e-05
-225	-248	1.000000e+00
226	227	1.000000e+00
227	-228	4.032231e-23
227	228	1.000000e+00
-228	229	3.490638e-23
228	229	1.000000e+00
228	-232	1.098808e-09
229	230	6.592546e-15
229	-230	9.999997e-01
229	231	4.975871e-16
229	-231	9.057695e-23
-229	236	1.287748e-14
-229	-357	7.292494e-17
230	231	3.940870e-14
-230	231	9.999996e-01
231	232	1.000000e+00
231	233	2.003477e-12
231	238	1.075001e-22
232	233	9.559667e-02
232	234	4.673710e-02
233	234	2.552677e-01
233	237	3.142170e-13
-233	234	1.373213e-01
-233	-236	3.450595e-13
234	235	1.000000e+00
235	236	9.999647e-01
236	237	1.000000e+00
236	238	3.839607e-19
236	520	2.738013e-16
-236	-239	1.717054e-18
-236	-249	7.665380e-18
-236	-511	3.275198e-16
-236	-512	3.291106e-06
-236	530	1.953156e-15
237	238	1.132805e-18
237	-239	1.000000e+00
-237	240	1.777427e-22
238	239	1.000000e+00
238	-240	1.493179e-22
-238	-240	9.999998e-01
-238	250	9.411781e-23
-238	-522	9.025723e-16
239	240	1.676653e-22
239	-240	1.078375e-22
239	-249	2.195781e-23
-240	241	9.999999e-01
-240	545	1.077025e-19
240	241	9.996079e-15
240	-512	1.179189e-13
-241	-530	9.062252e-19
241	242	3.239228e-22
241	-250	1.000000e+00
-242	251	1.000000e+00
242	243	9.999999e-01
243	244	1.000000e+00
244	245	1.000000e+00
245	246	9.997747e-01
245	-246	1.268713e-08
245	247	5.276162e-16
246	247	9.997747e-01
-246	247	1.268713e-08
247	248	1.000000e+00
248	249	4.627033e-18
-249	-504	3.136684e-19
249	250	1.000000e+00
249	511	1.497422e-19
249	528	1.331681e-14
-250	-512	2.631420e-14
-250	522	1.076296e-19
250	251	3.239228e-22
251	252	1.000000e+00
251	253	9.645901e-23
251	261	3.476386e-23
252	253	1.000000e+00
253	254	1.000000e+00
254	255	1.000000e+00
255	256	9.997747e-01
255	-261	2.543999e-05
256	-257	9.738341e-16
256	257	9.999999e-01
256	258	1.148164e-22
-256	257	2.461281e-19
257	258	9.999999e-01
-257	258	9.738341e-16
258	259	1.000000e+00
258	-615	9.338329e-18
259	260	1.000000e+00
259	-401	2.194802e-23
260	261	1.000000e+00
261	338	9.876322e-03
261	-471	4.510444e-11
262	263	1.000000e+00
262	264	9.738922e-16
-262	-281	2.648926e-10
-262	473	7.035570e-12
-262	-475	4.088634e-11
263	264	1.000000e+00
264	265	9.999999e-01
264	266	9.738341e-16
265	266	9.999999e-01
265	-268	1.599855e-20
265	575	9.739186e-16
-265	-574	9.744114e-16
-266	269	2.720511e-20
266	267	1.000000e+00
267	-268	2.053866e-18
267	268	1.000000e+00
267	-618	1.775009e-18
267	618	2.745782e-23
-268	269	9.548276e-23
268	269	1.000000e+00
269	270	1.000000e+00
269	278	5.019859e-23
-270	-274	5.019859e-23
270	271	1.000000e+00
270	272	9.738341e-16
271	272	1.000000e+00
272	-273	5.276757e-16
272	273	9.998873e-01
272	274	1.268713e-08
272	-278	5.317998e-19
273	274	9.998873e-01
-274	-277	1.960381e-19
274	275	1.000000e+00
274	276	9.738341e-16
275	276	1.000000e+00
-275	-280	9.144967e-23
276	277	1.000000e+00
276	278	9.738341e-16
277	278	1.000000e+00
278	-279	9.999994e-01
278	279	5.866013e-14
278	280	1.043732e-21
-279	280	9.999996e-01
279	280	5.804795e-14
280	281	9.999999e-01
-282	446	1.545593e-17
-282	-446	8.042175e-08
282	283	1.000000e+00
283	284	4.953898e-19
283	-285	4.032090e-03
283	-286	8.474349e-01
283	-297	8.184442e-07
-284	287	1.000000e+00
284	285	9.172003e-07
284	294	9.980854e-01
-285	-293	9.980855e-01
285	286	9.735687e-01
286	287	3.768990e-19
-286	287	4.109267e-22
287	288	1.000000e+00
288	289	1.000000e+00
289	-290	1.268713e-08
289	290	9.997747e-01
289	-297	7.290653e-10
-290	291	1.268713e-08
-290	297	1.076080e-19
290	291	9.997747e-01
291	292	1.000000e+00
291	293	9.738341e-16
292	293	1.000000e+00
-293	-316	2.465694e-22
293	294	9.172004e-07
294	295	1.000000e+00
295	296	1.000000e+00
296	297	1.000000e+00
-296	333	1.078009e-22
297	298	4.613110e-01
297	-564	5.511510e-02
298	299	1.000000e+00
298	-505	5.280600e-19
-298	300	4.785765e-13
-298	301	3.436241e-14
299	300	9.999999e-01
299	367	9.738341e-16
300	301	1.000000e+00
300	-330	4.365625e-19
-300	-367	9.738341e-16
301	302	9.999999e-01
301	-465	9.738341e-16
-302	465	9.738341e-16
302	303	1.000000e+00
302	304	9.738341e-16
303	304	1.000000e+00
304	305	1.000000e+00
305	306	9.997747e-01
305	-309	2.651201e-05
306	307	1.000000e+00
307	308	1.000000e+00
307	309	9.738341e-16
308	309	1.000000e+00
-310	320	1.000000e+00
310	311	1.000000e+00
310	334	5.019938e-23
311	-312	1.268713e-08
311	312	9.997747e-01
312	313	9.997747e-01
312	321	5.276229e-16
-312	313	1.268713e-08
313	314	9.997747e-01
313	-315	1.268713e-08
313	-316	5.285624e-19
314	315	1.000000e+00
-314	316	1.268713e-08
315	316	9.997747e-01
316	317	6.396733e-08
316	333	9.999997e-01
-317	318	1.965417e-05
-317	-322	3.925606e-05
317	318	9.998101e-01
317	-332	1.811819e-05
318	319	4.118353e-01
318	320	8.217931e-16
318	518	5.836796e-14
-319	-324	2.240345e-09
-319	332	2.368411e-10
319	320	7.179658e-15
319	329	1.093746e-08
319	-331	4.486413e-02
320	321	9.997747e-01
320	323	1.268724e-08
321	322	9.999999e-01
321	324	4.773416e-12
-321	328	1.268724e-08
-322	334	9.738341e-16
322	323	9.997747e-01
323	324	9.991791e-01
323	-328	2.032509e-07
323	-333	4.773416e-12
324	325	7.922084e-04
324	327	5.675703e-05
324	331	1.869672e-02
-324	436	2.901020e-08
325	326	9.997747e-01
325	332	1.569537e-08
-325	329	4.512873e-09
-325	-330	9.976388e-01
-325	333	2.166030e-18
326	327	9.991791e-01
326	329	3.219227e-07
326	-336	4.773416e-12
-326	-327	1.268713e-08
-326	-331	6.505379e-16
327	328	9.997747e-01
-327	335	4.773416e-12
328	329	9.972594e-01
328	-330	1.161164e-11
328	330	2.981539e-16
329	330	1.000000e+00
-329	-332	5.966329e-06
-329	-499	1.188885e-12
-329	-564	2.032274e-06
-329	-595	3.046654e-10
330	331	7.082877e-04
331	332	9.549268e-01
-331	-332	7.080167e-02
-331	-618	1.912358e-10
332	333	5.896826e-08
333	334	9.999999e-01
-334	-337	2.085154e-14
334	335	9.999999e-01
334	337	9.738341e-16
335	336	1.000000e+00
336	337	9.999999e-01
337	-568	2.411662e-13
337	-581	4.352912e-05
337	596	8.117108e-02
338	339	9.998874e-01
339	340	9.998874e-01
339	341	1.268777e-08
340	341	9.998873e-01
340	-344	7.207713e-10
340	-576	1.076211e-19
341	-342	2.862015e-06
341	342	9.997747e-01
341	343	4.095495e-11
-341	-344	7.878970e-10
-342	343	3.033004e-06
342	343	9.466980e-01
343	344	1.000000e+00
343	-344	1.628357e-13
344	345	2.203610e-01
344	346	3.301098e-02
345	346	2.343677e-01
345	587	9.813968e-02
-345	346	5.534000e-04
-345	-512	1.104046e-01
-345	-586	3.326168e-05
-345	-597	3.796144e-09
346	347	6.028913e-11
346	-349	9.999998e-01
-346	-356	1.717849e-09
-346	-513	1.147642e-01
347	348	9.999999e-01
347	350	3.986287e-19
347	-357	6.974581e-12
-347	348	6.086916e-12
-347	-357	9.988225e-01
348	349	1.000000e+00
-348	356	5.022618e-23
-348	-357	7.195005e-19
349	350	1.257590e-15
349	-357	6.115425e-12
350	351	1.132833e-18
350	358	1.000000e+00
-350	351	9.999998e-01
-350	359	4.277907e-19
351	352	1.000000e+00
-351	-358	3.839700e-19
-351	358	9.413108e-23
-352	-358	2.195133e-23
-352	602	2.563838e-23
352	-353	1.268713e-08
352	353	9.997747e-01
352	354	5.276162e-16
-353	354	1.268713e-08
353	354	9.997747e-01
354	355	1.000000e+00
355	-356	6.993624e-23
355	356	1.000000e+00
356	357	1.000000e+00
-357	465	3.241231e-20
-357	-491	6.329882e-19
-357	-528	4.934579e-14
-357	604	6.571998e-21
357	358	3.777425e-15
357	526	5.646797e-12
358	359	1.000000e+00
359	360	1.000000e+00
360	361	1.000000e+00
361	362	1.000000e+00
-361	-512	9.805454e-14
362	363	3.335389e-10
-363	382	8.483975e-18
-363	-382	4.156754e-17
363	364	1.000000e+00
364	365	3.239258e-22
364	-368	5.022219e-23
364	-382	1.000000e+00
-365	383	1.000000e+00
365	366	1.000000e+00
366	367	9.999999e-01
366	368	9.738341e-16
367	368	9.999999e-01
368	369	9.999999e-01
368	370	9.738341e-16
-369	389	9.738341e-16
369	370	9.999999e-01
369	-388	9.738341e-16
370	371	1.000000e+00
370	372	9.738341e-16
371	372	1.000000e+00
372	373	1.000000e+00
373	374	1.000000e+00
373	375	2.195155e-23
374	375	1.000000e+00
375	376	1.000000e+00
375	379	2.195155e-23
376	377	9.999999e-01
376	378	9.738830e-16
377	378	9.999999e-01
378	379	1.000000e+00
379	380	1.000000e+00
380	381	1.000000e+00
381	382	9.999999e-01
381	-558	9.738341e-16
382	383	3.239258e-22
-382	558	9.738341e-16
383	384	1.000000e+00
384	385	1.000000e+00
385	386	1.000000e+00
386	387	9.999999e-01
387	388	1.000000e+00
388	389	9.999999e-01
389	390	9.999999e-01
390	391	1.000000e+00
390	392	9.738341e-16
391	392	1.000000e+00
392	393	1.000000e+00
393	394	9.993844e-01
393	395	4.773416e-12
393	-399	6.449403e-05
394	395	1.000000e+00
395	-396	1.268713e-08
395	396	9.997747e-01
395	422	3.843216e-11
-396	397	1.268713e-08
396	397	9.997747e-01
397	398	1.000000e+00
397	399	9.738341e-16
398	-399	4.243483e-14
398	399	1.000000e+00
399	422	6.630949e-05
-400	401	2.522296e-05
-400	-402	1.427848e-07
-400	-404	5.108212e-13
-400	405	2.288272e-16
-400	-525	7.609041e-12
400	401	9.997747e-01
400	403	1.458983e-08
401	402	1.000000e+00
401	-404	2.194899e-23
401	-412	1.076134e-19
402	403	9.997159e-01
402	-407	1.632678e-08
403	404	9.997747e-01
403	-408	1.268724e-08
403	-411	1.076314e-19
-404	409	1.268724e-08
-404	412	1.076314e-19
404	405	1.000000e+00
404	406	2.194696e-23
405	406	1.000000e+00
-406	-596	4.700231e-17
406	407	1.000000e+00
407	408	9.997747e-01
407	410	1.076170e-19
408	409	9.997747e-01
409	410	1.000000e+00
410	411	1.000000e+00
-411	-483	5.019938e-23
411	412	1.000000e+00
412	413	9.997747e-01
412	-415	1.268713e-08
-413	416	1.268713e-08
413	414	9.999999e-01
414	415	1.000000e+00
415	416	9.997747e-01
416	417	1.000000e+00
417	418	9.997109e-01
417	419	3.408189e-12
418	419	9.998179e-01
418	-483	2.778296e-12
418	605	1.009429e-05
-418	484	2.962861e-12
-418	603	6.103799e-10
-418	605	6.876430e-06
419	420	1.000000e+00
419	421	9.738341e-16
420	421	1.000000e+00
421	-597	1.113379e-14
-422	423	5.628591e-09
-422	425	1.079151e-09
-422	439	1.642501e-13
-422	-450	3.230923e-13
-422	-556	7.265470e-02
-422	602	7.552728e-14
422	423	9.999999e-01
423	424	6.079891e-05
423	-424	9.980854e-01
423	425	4.482397e-15
424	425	9.541559e-07
-424	425	9.355831e-01
425	426	1.000000e+00
426	427	1.000000e+00
426	437	2.195155e-23
427	428	1.000000e+00
428	429	1.000000e+00
429	430	1.000000e+00
430	431	1.000000e+00
431	432	1.000000e+00
432	433	1.000000e+00
433	434	1.000000e+00
434	435	1.000000e+00
435	436	9.997747e-01
436	437	1.000000e+00
437	438	1.000000e+00
438	439	1.000000e+00
439	440	1.000000e+00
440	441	9.997747e-01
440	442	1.076080e-19
440	-446	2.642505e-05
441	442	1.000000e+00
442	-443	9.738341e-16
442	443	9.999999e-01
443	444	9.999999e-01
-443	444	9.738341e-16
444	445	1.000000e+00
445	446	1.000000e+00
445	-446	1.141956e-13
447	448	1.927748e-07
447	-479	2.949436e-04
447	-497	3.430536e-08
-447	448	9.999997e-01
-447	-479	4.476048e-15
-447	-497	1.542200e-18
448	449	1.000000e+00
449	450	1.000000e+00
450	451	1.000000e+00
451	452	9.999999e-01
451	566	9.738341e-16
452	453	9.999999e-01
452	455	9.738341e-16
-452	480	7.173856e-19
-452	-566	9.738341e-16
453	454	1.000000e+00
454	455	1.000000e+00
455	456	1.000000e+00
455	457	9.738341e-16
456	457	1.000000e+00
457	458	1.000000e+00
458	459	9.999999e-01
458	461	9.738341e-16
459	460	1.000000e+00
-459	560	9.738341e-16
460	461	9.999999e-01
460	-559	9.738341e-16
461	462	1.000000e+00
461	463	9.738341e-16
462	463	1.000000e+00
463	464	1.000000e+00
-463	466	1.148164e-22
464	465	9.999999e-01
464	466	9.738341e-16
465	466	9.999999e-01
465	-472	4.736558e-17
466	467	1.000000e+00
466	-471	4.387188e-23
467	468	1.000000e+00
468	469	1.000000e+00
469	470	1.000000e+00
469	471	9.644089e-23
470	471	1.000000e+00
471	472	1.000000e+00
471	-478	2.871202e-15
-472	-518	1.822351e-16
473	474	9.999189e-01
473	-475	4.566887e-06
474	475	1.000000e+00
-474	-478	5.932241e-06
-475	477	3.136616e-19
475	476	6.267789e-04
475	-476	3.063698e-12
475	-478	4.943866e-02
476	477	9.172002e-07
476	-497	9.984288e-01
-476	-477	3.136433e-19
-476	477	9.980852e-01
-476	479	4.483278e-15
-477	-497	4.483861e-15
477	478	1.000000e+00
478	479	6.156502e-04
-479	480	9.980853e-01
-479	-496	4.482304e-15
479	480	3.766524e-06
480	481	9.998874e-01
480	-482	1.268713e-08
481	482	9.998874e-01
-482	-490	1.268713e-08
482	483	9.997747e-01
483	484	9.999999e-01
483	489	4.815469e-16
484	485	1.000000e+00
484	490	2.105286e-16
-484	-497	7.176510e-19
485	486	9.999999e-01
485	487	9.738341e-16
486	-487	2.461281e-19
486	487	9.999999e-01
486	520	5.310273e-09
-486	-519	7.442986e-09
-487	-488	6.499625e-16
487	488	9.998873e-01
487	-488	3.584893e-09
487	490	2.482161e-05
-488	-489	1.657566e-10
488	489	5.424799e-01
-489	490	1.869808e-02
489	490	4.752813e-01
490	491	9.997747e-01
491	492	2.081487e-04
491	-493	9.988604e-01
491	-494	1.851818e-08
-492	494	1.081703e-01
-492	-494	1.910776e-05
-492	495	1.969792e-09
492	493	1.000000e+00
493	494	2.337718e-04
-494	495	1.965356e-05
494	495	9.996798e-01
495	-496	9.980854e-01
495	496	9.172005e-07
495	497	4.482304e-15
496	497	9.172004e-07
-496	497	9.980854e-01
498	-499	1.268713e-08
498	499	9.997747e-01
-498	500	1.550025e-13
-498	505	2.632820e-17
-498	-573	2.666924e-11
-498	-600	1.299077e-13
499	500	9.997747e-01
499	509	1.076080e-19
-499	500	1.268713e-08
500	501	9.997747e-01
500	-505	6.224690e-08
-501	-506	6.224690e-08
501	502	1.000000e+00
502	503	9.999999e-01
502	504	9.738341e-16
503	504	9.999999e-01
504	505	1.000000e+00
504	-506	5.279962e-19
505	506	1.014281e-10
505	-506	9.974865e-01
-505	-509	1.497385e-19
506	507	1.014281e-10
-506	507	9.999997e-01
507	508	1.000000e+00
508	509	1.000000e+00
509	510	2.089344e-07
509	-510	9.990860e-01
-510	511	9.990860e-01
510	511	2.089344e-07
511	512	9.996512e-01
511	-512	4.146943e-10
511	513	2.360317e-04
512	-513	1.596795e-05
512	513	1.725987e-05
512	514	4.414272e-02
-512	-585	1.268810e-08
-513	514	1.103845e-08
513	514	2.440292e-01
514	515	4.071871e-22
514	-516	1.000000e+00
514	-588	3.137733e-19
-514	-518	3.274454e-07
-514	588	7.412615e-09
515	516	1.000000e+00
515	-516	2.195711e-23
515	517	7.098036e-21
-515	517	1.000000e+00
-516	517	3.671956e-21
516	517	4.293437e-22
516	-518	2.094949e-18
517	518	1.000000e+00
519	520	1.871663e-01
519	-526	1.881409e-12
519	-529	1.081119e-05
-519	520	3.118934e-02
-519	547	1.324001e-12
520	521	1.000000e+00
-520	522	3.227454e-05
521	522	9.997747e-01
521	523	1.032237e-12
521	-581	2.691347e-05
522	523	4.132434e-01
522	-523	1.870120e-02
522	-528	4.855495e-02
523	524	4.132807e-01
523	-546	2.482230e-05
-523	524	1.870173e-02
-523	529	4.856085e-02
-524	534	2.482266e-05
524	525	1.000000e+00
524	-542	6.069492e-23
525	526	3.774888e-04
525	-527	9.980281e-01
525	528	1.671537e-04
525	-528	5.525178e-12
525	-556	9.935618e-10
-525	543	6.069053e-23
526	527	9.999999e-01
526	528	9.542970e-10
-526	527	1.818329e-12
-526	528	4.139965e-02
-526	-528	3.292083e-02
-526	-529	1.136914e-12
527	528	2.719626e-04
527	-528	5.066745e-12
528	529	4.131932e-01
528	-537	1.167860e-15
-529	530	5.932241e-06
-529	-531	3.009861e-12
529	530	9.999132e-01
530	-531	9.988225e-01
530	531	6.027511e-11
530	-532	6.086465e-12
530	-537	1.345331e-18
531	532	1.321182e-11
531	533	6.973999e-12
531	-547	1.280450e-15
-531	544	1.078206e-22
-531	549	9.999998e-01
-532	539	9.999998e-01
-532	549	1.528790e-15
532	533	9.999999e-01
533	534	9.997747e-01
533	-554	1.268724e-08
534	535	1.000000e+00
534	-536	9.703230e-23
535	536	1.132906e-18
535	-536	1.528835e-15
535	-537	9.999998e-01
535	538	4.213154e-22
535	553	4.034053e-22
-535	-537	1.047885e-22
-535	537	2.195742e-23
-536	537	1.000000e+00
536	537	1.132830e-18
536	538	9.999998e-01
536	553	4.033784e-22
537	538	5.438935e-15
537	539	1.528871e-15
537	-555	1.157856e-15
538	539	5.438692e-15
538	553	9.999998e-01
539	540	1.000000e+00
539	542	9.644089e-23
540	541	1.000000e+00
541	542	1.000000e+00
542	543	1.000000e+00
542	544	1.777399e-22
543	544	1.000000e+00
544	545	9.998873e-01
544	546	1.268713e-08
545	546	9.998874e-01
-545	547	5.276757e-16
546	547	9.997747e-01
-547	-553	2.482243e-05
547	548	1.000000e+00
548	549	5.438692e-15
548	-552	9.999998e-01
549	550	1.000000e+00
549	551	1.621936e-15
550	551	9.999999e-01
550	553	1.627527e-15
551	552	1.000000e+00
552	553	5.438510e-15
553	554	6.156780e-04
553	-555	2.398781e-02
-554	556	9.980854e-01
554	555	9.998873e-01
555	556	7.896650e-04
-555	-556	1.246119e-09
-557	565	1.000000e+00
557	558	9.999999e-01
557	559	9.738341e-16
558	559	9.999999e-01
559	560	9.999999e-01
560	-561	4.773459e-12
560	561	9.999999e-01
-561	562	4.773484e-12
561	562	9.991790e-01
561	-563	2.901046e-08
562	563	1.000000e+00
-562	564	2.901207e-08
-562	-564	2.091741e-09
563	564	9.997747e-01
564	565	2.256457e-16
564	570	3.451862e-14
565	566	9.999999e-01
565	567	9.738341e-16
566	567	9.999999e-01
567	568	1.000000e+00
567	569	9.738341e-16
-568	-573	4.260060e-17
568	569	1.000000e+00
568	-573	7.106708e-17
569	570	9.999999e-01
569	571	9.738341e-16
570	571	9.999999e-01
571	572	9.999999e-01
571	-572	9.738341e-16
572	573	9.999999e-01
-572	573	9.738341e-16
573	-595	1.543331e-10
-574	578	1.000000e+00
574	575	9.999999e-01
574	-577	4.059839e-12
574	-581	3.002225e-14
575	576	1.000000e+00
575	-577	1.212963e-12
-575	-581	5.712717e-13
576	577	1.000000e+00
577	578	3.578623e-12
577	579	3.504410e-05
577	596	4.381946e-02
578	579	9.997747e-01
579	580	1.000000e+00
580	581	1.000000e+00
582	-583	9.739851e-16
582	583	9.999999e-01
582	584	1.148342e-22
583	584	9.999999e-01
-583	584	9.739851e-16
584	585	1.000000e+00
585	586	9.998873e-01
585	-586	2.434527e-12
586	587	6.505442e-01
587	588	9.999844e-01
587	-595	6.480011e-11
588	589	4.286018e-05
588	-589	9.980719e-01
588	-590	1.796571e-15
588	590	6.288331e-15
-589	-590	1.390338e-04
-589	590	3.113588e-08
-589	-591	1.235712e-18
589	-590	1.538001e-15
589	590	7.976868e-05
589	592	3.628352e-19
590	591	9.543358e-01
590	593	1.076342e-19
-590	591	4.172930e-02
591	592	1.000000e+00
592	593	1.000000e+00
593	594	1.000000e+00
594	595	1.000000e+00
596	597	9.999362e-01
-597	-598	7.769696e-09
-597	599	3.280309e-19
-597	605	9.421328e-13
597	598	6.299995e-11
597	-598	9.989455e-01
597	599	2.363601e-18
-598	599	9.999997e-01
-598	-600	2.063086e-21
598	599	6.298867e-11
598	603	8.479340e-12
599	600	1.000000e+00
600	601	9.999999e-01
600	602	7.181378e-20
600	-603	2.923589e-16
600	603	9.745434e-09
601	602	1.000000e+00
602	603	7.393325e-08
602	604	9.999997e-01
-603	605	9.194035e-02
-603	-618	2.953907e-07
603	-604	9.988604e-01
603	604	7.568371e-11
604	605	1.530527e-04
604	-605	6.086716e-12
605	606	9.999999e-01
-605	606	5.309998e-09
606	607	1.000000e+00
607	608	9.997747e-01
607	-609	1.268713e-08
-608	610	1.268713e-08
608	609	1.000000e+00
609	610	9.997747e-01
610	611	9.998874e-01
610	612	1.268713e-08
611	612	9.998874e-01
612	613	9.998874e-01
612	614	1.268713e-08
613	614	9.998874e-01
614	615	1.000000e+00
616	-617	2.194678e-23
616	617	1.000000e+00
617	618	1.000000e+00
