0	1	9.999559e-01
0	-1	1.846265e-21
0	-2	2.981654e-28
0	2	1.846265e-21
0	3	2.981654e-28
0	-4	1.846273e-21
0	5	1.846273e-21
0	-6	1.846265e-21
0	7	1.846264e-21
0	-7	2.981654e-28
0	-8	2.981654e-28
0	8	2.981654e-28
0	-9	2.981654e-28
0	9	2.981654e-28
0	-11	7.807182e-12
0	-12	2.981667e-28
0	12	7.807182e-12
0	-13	1.846264e-21
0	14	1.846264e-21
0	-14	7.807150e-12
0	15	7.807150e-12
0	-15	2.981667e-28
0	16	2.981667e-28
0	-16	1.846264e-21
0	17	1.846264e-21
0	-18	7.578979e-28
0	19	7.579081e-28
0	-20	2.981654e-28
0	24	1.910048e-27
0	-24	1.846273e-21
0	-25	1.846321e-21
0	25	1.846273e-21
0	26	1.846323e-21
0	-41	8.276660e-23
0	-42	3.991499e-12
0	43	1.641152e-19
0	-48	2.417000e-27
0	49	1.296530e-27
0	-50	1.846265e-21
0	51	1.846265e-21
0	-52	6.450218e-20
0	53	6.450218e-20
0	-53	1.846350e-21
0	54	1.846350e-21
0	55	4.692965e-21
0	-56	2.981654e-28
0	-58	8.276630e-23
0	64	1.910055e-27
0	-70	5.412562e-12
0	71	2.225240e-19
0	-71	8.754342e-20
0	72	8.754342e-20
0	74	7.344546e-01
0	75	9.962993e-01
0	77	8.276105e-23
0	-79	1.342462e-30
0	-84	3.726986e-14
0	85	9.992858e-01
0	86	6.450132e-20
0	91	9.451527e-20
0	-93	1.813511e-27
0	94	1.813511e-27
0	95	1.813567e-27
0	-99	1.342462e-30
0	105	1.342462e-30
0	-110	1.846264e-21
0	111	1.846264e-21
0	113	8.068863e-18
0	-113	2.981654e-28
0	-116	2.981654e-28
0	117	2.981654e-28
0	120	1.846264e-21
0	-126	6.106177e-19
0	127	4.345879e-14
0	-127	1.500321e-19
0	128	1.577851e-19
0	-131	1.577753e-19
0	132	1.577772e-19
0	-134	2.981825e-28
0	-135	1.740718e-27
0	136	2.604702e-30
0	137	1.846264e-21
0	-137	1.577765e-19
0	138	8.222737e-12
0	139	4.329928e-19
0	-142	2.859035e-18
0	145	2.295557e-30
0	-146	1.846264e-21
0	147	1.846264e-21
0	-155	2.981654e-28
0	-156	1.813511e-27
0	156	2.981654e-28
0	-157	2.981654e-28
0	157	1.813511e-27
0	-163	2.981654e-28
0	-164	2.981654e-28
0	164	2.981654e-28
0	165	2.981654e-28
0	-167	2.981654e-28
0	-170	1.846321e-21
0	171	1.846323e-21
0	-171	9.996383e-01
0	172	1.846343e-21
0	-177	2.981749e-28
0	178	2.981746e-28
0	-179	4.624372e-20
0	179	4.758035e-12
0	-182	1.342462e-30
0	189	2.981752e-28
0	192	6.450341e-20
0	-196	1.910117e-27
0	200	3.774650e-20
0	206	2.757949e-22
0	-206	1.846264e-21
0	-207	1.846264e-21
0	207	1.846264e-21
0	208	1.846264e-21
0	-209	1.848106e-21
0	-210	1.342462e-30
0	210	1.848106e-21
0	-211	2.981654e-28
0	-212	2.981654e-28
0	-213	4.622704e-04
0	-214	4.697708e-21
0	214	4.622704e-04
0	-220	2.981654e-28
0	221	2.981654e-28
0	-223	2.981793e-28
0	-224	2.690127e-03
0	224	2.981793e-28
0	226	1.846272e-21
0	-226	1.846332e-21
0	-227	1.846441e-21
0	228	1.846445e-21
0	-229	1.846264e-21
0	230	1.846264e-21
0	-230	1.703419e-19
0	231	1.703396e-19
0	233	1.846272e-21
0	-233	1.846273e-21
0	234	1.846272e-21
0	-236	1.848106e-21
0	237	1.848106e-21
0	-238	1.846273e-21
0	-239	2.981667e-28
0	239	1.846273e-21
0	-241	3.950496e-19
0	242	4.758390e-11
0	-243	1.848106e-21
0	244	1.848106e-21
0	-245	2.981667e-28
0	-247	8.307844e-23
0	248	8.306147e-23
0	-249	1.846265e-21
0	250	1.846264e-21
0	254	6.728371e-11
0	-255	3.432393e-26
0	256	9.996305e-01
0	-256	3.133775e-28
0	258	2.981654e-28
0	-259	6.098567e-30
0	259	2.981654e-28
0	-261	2.981654e-28
0	262	2.981654e-28
0	-263	6.098588e-30
0	-264	2.981667e-28
0	265	2.981667e-28
0	266	2.981654e-28
0	-268	2.981654e-28
0	-276	2.981654e-28
0	277	2.981654e-28
0	-278	7.808769e-12
0	279	6.451735e-20
0	-280	2.981654e-28
0	282	2.981654e-28
0	-283	1.846321e-21
0	284	1.846325e-21
0	-288	8.754611e-20
0	-290	2.981654e-28
0	291	2.981654e-28
0	-292	6.450163e-20
0	293	7.807182e-12
0	-294	1.846264e-21
0	295	1.846264e-21
0	-295	2.981654e-28
0	296	2.981654e-28
0	-299	1.846272e-21
0	300	1.846273e-21
0	-311	1.846264e-21
0	312	1.846264e-21
0	-312	6.450046e-20
0	-319	7.807150e-12
0	319	2.981654e-28
0	320	4.623988e-20
0	-322	1.846264e-21
0	-323	3.021169e-13
0	323	1.846264e-21
0	324	9.999963e-01
0	-327	2.981667e-28
0	-328	2.981667e-28
0	328	2.981667e-28
0	329	2.981669e-28
0	-329	1.577746e-19
0	330	1.577746e-19
0	-332	2.981654e-28
0	333	2.981654e-28
0	-336	2.981793e-28
0	337	2.981793e-28
0	-344	3.133934e-28
0	345	3.133875e-28
0	351	2.981654e-28
0	-351	2.981654e-28
0	-352	2.981654e-28
0	352	2.981654e-28
0	-353	1.846264e-21
0	353	2.981654e-28
0	354	1.846264e-21
0	-354	2.981749e-28
0	355	2.981749e-28
0	-355	2.981654e-28
0	356	2.981654e-28
0	-358	4.623988e-20
0	359	7.807150e-12
0	-359	2.981654e-28
0	360	2.981654e-28
0	361	1.813511e-27
0	-364	3.133822e-28
0	368	1.813511e-27
0	-372	2.981654e-28
0	373	2.981654e-28
0	374	2.981654e-28
0	383	1.195052e-11
0	-389	1.846321e-21
0	390	1.846321e-21
0	393	2.981667e-28
0	-404	2.082847e-20
0	404	2.225251e-19
0	405	1.825135e-20
0	-405	4.693028e-21
0	-406	1.985068e-11
0	406	4.692965e-21
0	-407	1.511960e-07
0	-408	2.982155e-28
0	408	3.524330e-02
0	-409	1.846264e-21
0	409	2.982210e-28
0	410	1.846264e-21
0	-410	1.846272e-21
0	-411	1.846264e-21
0	411	1.846272e-21
0	-413	1.848113e-21
0	414	1.848113e-21
0	-415	1.846264e-21
0	416	1.846264e-21
0	-421	1.846351e-21
0	-422	8.002422e-27
0	422	1.846346e-21
0	-423	5.413685e-12
0	424	2.051481e-17
0	-424	7.810944e-12
0	425	7.811577e-12
0	-427	1.848113e-21
0	428	1.848113e-21
0	-437	1.109549e-08
0	438	1.666953e-11
0	-438	7.807188e-12
0	-439	8.754378e-20
0	439	7.807182e-12
0	443	1.813604e-27
0	-455	8.754342e-20
0	456	8.068864e-18
0	-457	2.981654e-28
0	458	2.981654e-28
0	-461	1.697149e-11
0	462	1.697141e-11
0	463	2.981654e-28
0	-463	1.846264e-21
0	464	1.846264e-21
0	-468	2.981654e-28
0	469	2.981654e-28
0	-472	2.981654e-28
0	473	2.981654e-28
0	-476	1.113808e-08
0	-477	1.846264e-21
0	477	1.107080e-08
0	478	1.846264e-21
0	479	1.342462e-30
0	482	9.451527e-20
0	-483	1.848106e-21
0	484	1.848106e-21
0	-487	9.996490e-01
0	488	9.986060e-01
0	-490	7.570688e-19
0	-491	1.259865e-18
0	493	1.104386e-11
0	-494	8.754342e-20
0	494	1.910055e-27
0	495	8.754342e-20
0	496	8.276105e-23
0	-499	2.981654e-28
0	-506	2.981667e-28
0	507	2.981669e-28
0	508	7.010356e-28
0	509	1.813519e-27
0	-509	4.095972e-03
0	-510	8.774497e-13
0	510	3.372514e-08
0	-512	3.512336e-05
0	-513	2.982196e-28
0	-516	1.846264e-21
0	-519	2.981654e-28
0	-521	1.342462e-30
0	522	1.342462e-30
0	-524	1.846264e-21
0	525	1.846264e-21
0	-525	1.703498e-19
0	528	1.577746e-19
0	-529	1.846264e-21
0	-530	1.846264e-21
0	530	1.846264e-21
0	531	1.846264e-21
0	535	8.276107e-23
0	-537	7.807150e-12
0	538	6.450132e-20
0	-538	6.450218e-20
0	-541	1.846265e-21
0	542	1.846264e-21
0	-543	7.807150e-12
0	544	7.807151e-12
0	546	1.846264e-21
0	547	1.342462e-30
0	-548	1.577765e-19
0	-549	1.846264e-21
0	549	1.703396e-19
0	-550	1.242103e-02
0	550	1.846265e-21
0	-551	2.068552e-11
0	551	9.999873e-01
0	-552	1.142144e-19
0	553	3.057637e-19
0	-554	4.624189e-20
0	554	7.782653e-10
0	555	4.624027e-20
0	-556	2.981654e-28
0	556	1.846350e-21
0	557	2.981654e-28
0	-558	1.846264e-21
0	559	1.846264e-21
0	-561	2.981654e-28
0	562	2.981654e-28
0	-563	2.981654e-28
0	564	2.981654e-28
0	-568	3.133827e-28
0	568	2.981751e-28
0	-569	2.981654e-28
0	-570	1.113982e-08
0	570	2.981654e-28
0	571	1.110098e-08
0	-573	1.813718e-27
0	-574	4.900531e-08
0	574	1.813649e-27
0	575	8.878735e-11
0	-576	2.981654e-28
0	-577	2.981654e-28
0	577	2.981654e-28
0	-578	2.981820e-28
0	579	2.981825e-28
0	-579	1.846405e-21
0	-580	1.846345e-21
0	-582	6.450305e-20
0	583	5.177381e-20
0	-585	5.177382e-20
0	586	6.450132e-20
0	-590	2.981654e-28
0	-591	1.813600e-27
0	592	1.813598e-27
0	-596	1.848106e-21
0	597	1.848106e-21
0	-599	2.981654e-28
0	600	2.981654e-28
0	-601	2.981654e-28
0	-602	2.981654e-28
0	602	2.981654e-28
0	-603	2.981654e-28
0	603	2.981654e-28
0	604	2.981654e-28
0	-605	1.813573e-27
0	-606	1.342462e-30
0	606	1.813542e-27
0	-607	2.981654e-28
0	608	2.981654e-28
0	-610	4.758449e-11
0	611	1.871348e-11
0	-612	7.010328e-28
0	-613	1.813542e-27
0	613	1.813511e-27
0	614	1.813511e-27
0	-614	1.666573e-10
0	615	1.666573e-10
0	-616	9.999943e-01
0	617	9.992745e-01
0	618	2.981752e-28
0	621	2.981752e-28
0	-622	1.848106e-21
0	623	1.848106e-21
0	-634	2.981654e-28
0	637	2.981654e-28
0	638	1.577746e-19
0	-639	7.807150e-12
0	-640	2.156541e-02
0	640	6.450046e-20
0	641	9.968701e-01
0	-641	3.133839e-28
0	-643	1.342462e-30
0	-644	7.807150e-12
0	644	1.342462e-30
0	645	7.807150e-12
0	-649	3.133826e-28
0	650	3.133826e-28
0	-652	1.577746e-19
0	653	1.703419e-19
0	-653	1.846264e-21
0	654	1.846264e-21
0	-655	1.846272e-21
0	658	8.276105e-23
0	-661	2.981654e-28
0	-664	2.981654e-28
0	665	2.981654e-28
0	-668	2.981654e-28
0	669	2.981654e-28
0	-672	9.993775e-01
0	673	1.846335e-21
0	-676	2.981654e-28
0	677	2.981654e-28
0	-681	2.511844e-30
0	682	1.846265e-21
0	-687	1.194994e-11
0	691	2.166269e-07
0	-693	2.981820e-28
0	694	2.981825e-28
0	695	4.459348e-09
0	-696	2.167301e-07
0	-697	7.071699e-10
0	697	5.800859e-11
0	-701	2.981654e-28
0	702	2.981654e-28
0	-703	1.846386e-21
0	-704	2.981654e-28
0	704	1.846367e-21
0	705	2.981654e-28
0	-707	1.846264e-21
0	708	1.846264e-21
0	-716	2.981667e-28
0	717	2.981669e-28
0	-719	9.999956e-01
0	720	1.058507e-02
0	721	8.276107e-23
0	723	2.981667e-28
0	-723	2.918457e-27
0	-724	1.342505e-30
0	-728	1.268083e-19
0	-729	2.981654e-28
0	729	1.813542e-27
0	730	2.981654e-28
0	-732	1.313526e-11
0	-733	1.697134e-11
0	734	1.107075e-08
0	735	8.771253e-13
0	737	3.155866e-11
0	739	6.179123e-01
0	-739	1.703845e-19
0	-741	1.578088e-19
0	-753	1.342462e-30
0	754	1.342462e-30
0	755	6.521582e-11
0	758	2.982050e-28
0	760	2.981667e-28
0	761	2.981654e-28
0	-762	1.846264e-21
0	-763	2.981667e-28
0	-766	2.981654e-28
0	-768	1.910048e-27
0	-771	1.846264e-21
0	-772	1.994122e-01
0	773	9.999899e-01
0	-773	4.623988e-20
0	774	6.450046e-20
0	-776	2.981654e-28
0	777	2.981654e-28
0	-779	1.846324e-21
0	779	2.981829e-28
0	780	1.846332e-21
0	-781	2.981654e-28
0	782	2.981654e-28
0	787	2.981667e-28
0	-787	7.807407e-12
0	-788	2.981654e-28
0	788	7.807403e-12
0	789	2.981654e-28
0	-791	2.981654e-28
0	-793	2.981654e-28
0	-794	2.981654e-28
0	794	2.981654e-28
0	795	2.981654e-28
0	-800	2.981654e-28
0	-801	6.450046e-20
0	-802	6.450158e-20
0	802	7.807150e-12
0	803	7.807182e-12
0	805	1.846264e-21
0	-806	1.342462e-30
0	807	1.342462e-30
0	808	1.846265e-21
0	-809	2.981654e-28
0	810	2.981654e-28
0	-815	1.577753e-19
0	816	1.703426e-19
0	-817	4.623988e-20
0	818	4.623988e-20
0	822	8.276105e-23
0	-824	2.880242e-19
0	825	8.754225e-20
0	-825	2.981667e-28
0	826	2.981667e-28
0	-828	1.849143e-21
0	-829	1.846272e-21
0	-830	9.993641e-01
0	830	1.846272e-21
0	831	9.999339e-01
0	-832	1.848106e-21
0	833	1.848106e-21
0	-833	2.689875e-03
0	834	3.917446e-03
0	-835	2.981749e-28
0	-836	4.624253e-20
0	-837	1.533934e-10
0	-838	8.276105e-23
0	838	1.903214e-10
0	841	4.537688e-28
0	-841	2.809884e-21
0	842	4.693047e-21
0	-842	5.001238e-11
0	-845	7.807761e-12
0	846	7.807789e-12
0	-846	4.698054e-21
0	-847	1.846350e-21
0	847	4.697914e-21
0	-848	1.848162e-21
0	848	1.846351e-21
0	849	1.848165e-21
0	-849	3.225130e-19
0	-850	1.175994e-19
0	850	4.877318e-20
0	851	1.848164e-21
0	-867	1.813542e-27
0	-868	2.981654e-28
0	868	1.813542e-27
0	869	2.981654e-28
0	-873	2.981654e-28
0	874	2.981654e-28
0	-874	2.981654e-28
0	875	2.981654e-28
0	-875	1.846264e-21
0	876	1.846264e-21
0	-876	1.846264e-21
0	877	1.846264e-21
0	-878	2.981654e-28
0	-879	2.981661e-28
0	879	2.981654e-28
0	880	2.981654e-28
0	-880	2.982122e-28
0	881	3.125577e-28
0	-881	9.451527e-20
0	882	8.754342e-20
0	-882	9.999962e-01
0	-883	2.295557e-30
0	883	9.986761e-01
0	888	1.342462e-30
0	-888	3.133826e-28
0	-893	8.276105e-23
0	-895	1.813511e-27
0	900	8.276105e-23
0	-902	1.910048e-27
0	-903	9.987830e-01
0	903	3.133826e-28
0	904	2.732418e-02
0	907	8.756091e-20
0	-911	2.981654e-28
0	912	2.981654e-28
0	-921	1.703396e-19
0	922	1.703396e-19
0	-923	2.981654e-28
0	-924	1.846264e-21
0	925	1.846264e-21
0	-931	2.981654e-28
0	-932	2.981667e-28
0	-933	2.981654e-28
0	934	2.981654e-28
0	-935	2.981654e-28
0	936	2.981654e-28
0	-938	1.000000e+00
0	939	9.984951e-01
0	-941	1.263500e-02
0	-944	3.272444e-03
0	-945	1.113387e-09
0	-953	2.981654e-28
0	954	2.981654e-28
0	955	8.276105e-23
0	-955	2.981654e-28
0	-957	2.981654e-28
0	958	2.981654e-28
0	-960	2.981667e-28
0	-961	2.981654e-28
0	963	1.846265e-21
0	-964	4.623988e-20
0	965	4.623988e-20
0	-966	2.981793e-28
0	967	2.981793e-28
0	-971	1.194977e-11
0	971	2.782164e-03
0	972	1.697128e-11
0	-977	1.846264e-21
0	-981	9.207137e-22
0	982	9.988003e-01
0	983	8.222863e-12
0	-987	1.342524e-30
0	999	1.015447e-11
0	-1006	1.342462e-30
0	-1010	2.981654e-28
0	1011	2.981654e-28
0	-1011	2.981654e-28
0	1012	2.981654e-28
0	1013	2.981654e-28
0	-1013	2.981654e-28
0	1014	2.981654e-28
0	1015	2.981654e-28
0	-1015	1.813542e-27
0	-1016	1.813511e-27
0	1016	1.813542e-27
0	1017	1.813511e-27
0	-1017	1.813542e-27
0	1018	1.813542e-27
0	-1018	2.981654e-28
0	-1019	9.999955e-01
0	1019	2.981654e-28
0	1020	1.985102e-13
0	-1023	8.771495e-13
0	-1024	2.981667e-28
0	-1025	8.771502e-13
0	-1029	6.553591e-20
0	-1030	3.286143e-20
0	1031	2.012835e-05
0	-1031	1.697248e-11
0	1032	1.515158e-11
0	1033	2.820613e-08
0	1034	1.416534e-19
0	-1037	2.166864e-20
0	-1039	1.988289e-20
0	-1041	1.846264e-21
0	-1042	4.692965e-21
0	1042	1.846264e-21
0	-1043	2.981654e-28
0	1043	4.692965e-21
0	1044	2.981654e-28
0	-1052	7.579081e-28
0	-1056	1.846265e-21
0	1057	1.846265e-21
0	-1062	2.981654e-28
0	-1064	2.981654e-28
0	1065	2.981654e-28
0	-1066	2.981746e-28
0	-1067	9.999898e-01
0	1068	3.133826e-28
0	-1069	1.268083e-19
0	-1070	1.846264e-21
0	1070	1.813511e-27
0	1071	1.846264e-21
0	-1073	1.380891e-18
0	1074	1.380844e-18
0	-1075	9.989720e-01
0	1076	3.133775e-28
0	1088	2.981654e-28
0	1089	8.076910e-18
0	-1091	2.981654e-28
0	-1092	1.848106e-21
0	1092	2.981654e-28
0	-1093	9.995806e-01
0	1094	1.338614e-30
0	1099	1.338583e-30
0	-1099	1.846264e-21
0	-1100	1.846272e-21
0	1100	1.846265e-21
0	1101	1.846272e-21
0	1102	1.846272e-21
0	-1104	2.981746e-28
0	1105	2.981746e-28
0	-1106	8.276107e-23
0	-1108	2.981654e-28
0	1109	2.981654e-28
0	-1111	2.981654e-28
0	-1112	1.813542e-27
0	1112	2.981654e-28
0	1113	1.268083e-19
0	-1114	9.999898e-01
0	1115	9.995975e-01
0	-1115	4.623988e-20
0	1116	4.623988e-20
0	-1116	8.754342e-20
0	-1118	2.981654e-28
0	1118	1.313552e-11
0	-1119	1.318759e-11
0	1119	2.981654e-28
0	-1120	1.813542e-27
0	1120	1.111599e-08
0	1121	7.010521e-28
0	-1122	2.068665e-11
0	1123	1.109614e-08
0	-1123	2.981654e-28
0	-1124	1.195170e-11
0	1124	2.981654e-28
0	1126	2.981654e-28
0	-1127	1.313547e-11
0	-1129	1.813511e-27
0	-1131	9.560946e-03
0	1132	8.771260e-13
0	1133	8.771255e-13
0	1138	2.981853e-28
0	-1141	7.807182e-12
0	-1142	2.713825e-17
0	1142	7.807182e-12
0	-1145	1.846321e-21
0	-1146	9.451853e-20
0	1146	1.846321e-21
0	1147	8.754726e-20
0	1149	3.134065e-28
0	-1150	1.813598e-27
0	1151	1.813598e-27
0	-1153	9.999885e-01
0	1154	9.998775e-01
0	-1161	2.317934e-11
0	-1163	9.451527e-20
0	-1167	2.981654e-28
0	-1168	2.981654e-28
0	1168	2.981654e-28
0	1169	2.981654e-28
0	-1170	2.981654e-28
0	-1171	9.999987e-01
0	1171	2.981654e-28
0	1172	9.206981e-22
0	-1173	2.981789e-28
0	1174	2.981785e-28
0	-1175	7.807150e-12
0	-1176	2.981655e-28
0	1176	7.807150e-12
0	1177	2.981655e-28
0	-1178	3.133827e-28
0	-1182	4.624116e-20
0	1183	4.624134e-20
0	-1183	9.995132e-01
1	2	1.000000e+00
-1	19	5.824101e-21
-1	256	8.135933e-15
-1	-738	1.127835e-07
-1	-1131	2.781252e-06
-1	-1153	3.507683e-12
2	3	1.000000e+00
3	4	1.000000e+00
3	5	5.375919e-30
-4	-6	5.375882e-30
4	-5	5.227407e-30
4	5	1.000000e+00
4	-24	2.146970e-29
-5	25	2.146970e-29
5	6	1.000000e+00
6	7	1.000000e+00
7	8	1.000000e+00
8	9	1.000000e+00
8	-1075	3.717375e-20
9	10	1.000000e+00
-10	13	2.981661e-28
10	11	1.000000e+00
-11	26	5.652391e-30
-11	904	2.833639e-24
11	12	9.999944e-01
12	13	1.000000e+00
13	14	1.000000e+00
14	15	9.999944e-01
15	16	1.000000e+00
16	17	1.000000e+00
17	-18	8.284959e-23
17	18	1.000000e+00
-18	19	8.284959e-23
18	19	1.000000e+00
19	20	1.000000e+00
19	-22	1.910048e-27
20	21	1.000000e+00
-20	-677	1.910048e-27
-21	-706	2.981661e-28
21	22	1.000000e+00
22	23	1.000000e+00
22	24	1.343714e-30
23	24	1.000000e+00
23	298	1.910048e-27
-23	-126	5.549875e-23
24	25	1.000000e+00
25	26	1.000000e+00
26	27	1.000000e+00
26	28	2.295557e-30
27	28	1.000000e+00
27	815	2.295557e-30
-27	-814	2.295557e-30
28	29	1.000000e+00
28	30	1.342462e-30
29	30	1.000000e+00
30	31	1.000000e+00
30	32	2.295557e-30
31	32	1.000000e+00
32	33	1.000000e+00
32	-42	1.014779e-19
32	292	2.101408e-23
33	34	1.000000e+00
-33	-45	1.610584e-19
-33	-288	2.311974e-19
34	35	1.000000e+00
34	256	2.758396e-18
35	36	1.000000e+00
35	-36	1.342462e-30
-35	-39	2.051107e-29
-35	-297	3.133826e-28
36	37	1.000000e+00
-36	37	1.342462e-30
-36	43	1.767789e-28
37	38	1.000000e+00
37	40	1.342464e-30
37	57	1.340019e-30
38	39	1.000000e+00
-38	-297	2.051112e-29
39	40	1.000000e+00
40	41	1.000000e+00
40	-42	5.027095e-29
40	-60	1.338612e-30
-41	43	5.027520e-29
-41	-64	2.136454e-30
41	42	1.000000e+00
41	-42	1.048990e-28
41	541	2.134273e-30
42	43	9.999980e-01
-42	43	1.049079e-28
-42	46	2.878063e-26
-42	970	2.536243e-13
43	44	1.000000e+00
-43	-679	1.460675e-23
-43	-970	8.044277e-17
44	-45	1.531765e-15
44	45	1.000000e+00
45	46	9.999911e-01
-45	46	1.531766e-15
46	47	1.000000e+00
46	-945	4.878456e-19
-46	539	1.170544e-19
-46	-1082	1.716202e-26
-47	1054	1.433404e-30
-47	-1132	1.113667e-19
47	48	1.000000e+00
47	311	1.910052e-27
47	648	1.343699e-30
48	49	1.000000e+00
48	50	1.142424e-29
48	-57	1.908660e-22
48	-74	4.410652e-13
-48	81	4.898576e-23
49	50	1.000000e+00
49	-54	5.901323e-22
-49	55	5.907665e-22
-50	54	7.131633e-26
-50	58	1.906613e-22
50	51	1.000000e+00
50	-213	7.761903e-26
51	52	1.000000e+00
51	-52	3.713103e-24
-51	-55	5.227371e-30
52	53	1.000000e+00
52	58	4.009651e-29
52	641	2.540414e-18
-52	738	5.308565e-24
53	54	1.000000e+00
53	-84	5.459631e-22
-53	56	2.514953e-29
-53	81	1.483129e-19
-53	542	9.821157e-29
54	55	1.000000e+00
54	-550	6.525100e-12
55	56	1.000000e+00
56	-57	2.136415e-30
56	57	1.000000e+00
-57	635	2.981654e-28
57	58	1.000000e+00
58	59	1.000000e+00
58	-63	2.843473e-30
59	60	1.000000e+00
59	61	2.295557e-30
-59	64	2.714062e-30
-59	-70	1.110316e-28
-59	71	2.139553e-21
-60	-105	2.295557e-30
60	61	1.000000e+00
60	106	2.295557e-30
61	-62	1.342462e-30
61	62	1.000000e+00
-61	-430	1.340050e-30
-62	63	1.342462e-30
-62	-431	1.338581e-30
62	63	1.000000e+00
63	64	1.000000e+00
63	-145	1.910052e-27
64	65	1.000000e+00
64	74	1.276801e-13
64	-81	4.753800e-28
64	507	2.249420e-30
-65	73	5.919903e-24
-65	-76	8.284976e-23
65	66	1.000000e+00
65	-906	5.109594e-24
65	-1176	1.342160e-30
66	67	1.000000e+00
66	-67	1.342462e-30
-66	82	2.981654e-28
-67	68	1.342462e-30
67	68	1.000000e+00
68	69	1.000000e+00
68	70	1.342462e-30
69	70	1.000000e+00
70	71	9.999977e-01
70	-71	3.685972e-19
71	72	1.000000e+00
-71	72	3.685981e-19
72	73	1.000000e+00
72	728	1.091260e-20
72	-760	3.713103e-24
73	74	1.339801e-08
73	75	2.182063e-11
73	82	2.920701e-26
73	-84	9.999991e-01
73	-118	3.005928e-26
-73	-727	1.091260e-20
74	75	1.614475e-05
74	-84	1.019794e-08
74	197	9.832015e-18
74	376	5.015401e-12
74	385	2.924016e-11
74	392	2.047633e-15
74	-393	7.018783e-15
74	405	1.029604e-15
74	782	5.942896e-17
74	-1183	2.697515e-05
-74	-192	5.871531e-17
-74	197	7.216078e-18
-74	405	9.318438e-13
-74	-538	4.623246e-16
-74	1031	6.013969e-11
-74	-1130	3.044712e-17
-74	-1131	1.918448e-03
-75	408	2.329442e-05
-75	720	1.784302e-05
-75	-739	8.561348e-18
-75	739	2.685232e-09
-75	-1019	2.543665e-12
75	76	1.000000e+00
75	736	4.024184e-17
76	77	1.000000e+00
-76	-730	1.846264e-21
77	-78	5.109053e-24
77	78	1.000000e+00
78	79	1.000000e+00
78	-737	2.311939e-19
-78	79	5.308596e-24
-78	413	1.340107e-30
-79	-503	1.156069e-15
-79	-732	4.449898e-16
79	80	1.000000e+00
80	81	1.000000e+00
80	720	3.892844e-09
80	739	7.532804e-10
-80	722	1.342462e-30
-81	83	1.187099e-24
81	82	1.000000e+00
82	-83	1.342462e-30
82	83	1.000000e+00
-83	84	1.342462e-30
83	84	1.000000e+00
84	105	2.917620e-26
85	86	1.000000e+00
85	-89	6.610871e-20
-85	-528	3.257316e-18
-85	617	6.719800e-08
-86	90	6.610881e-20
-86	617	1.265919e-22
86	87	1.000000e+00
86	89	2.295557e-30
87	88	1.000000e+00
88	89	1.000000e+00
89	90	1.000000e+00
89	-90	3.774760e-20
89	91	3.774760e-20
-90	91	3.774760e-20
-90	528	4.290650e-20
90	91	1.000000e+00
90	-94	1.309247e-23
90	-493	3.439403e-24
91	92	1.000000e+00
91	94	3.167547e-29
-92	-94	3.167597e-29
92	93	1.000000e+00
93	94	1.000000e+00
93	96	3.167597e-29
94	95	1.000000e+00
94	96	1.420010e-30
-95	-96	3.167596e-29
95	96	1.000000e+00
95	97	1.342482e-30
96	97	1.000000e+00
97	-98	1.342482e-30
97	98	1.000000e+00
97	121	1.413184e-30
98	99	1.000000e+00
-98	99	1.342483e-30
99	100	1.000000e+00
-99	633	1.378078e-30
100	101	1.000000e+00
100	-102	3.270111e-29
100	-109	5.236871e-30
100	257	3.133807e-28
-100	-548	2.558737e-25
101	-102	8.276107e-23
101	102	1.000000e+00
101	103	3.412363e-30
-101	102	3.270110e-29
-101	110	5.236871e-30
-101	1070	4.839572e-28
-102	103	8.276107e-23
102	103	1.000000e+00
103	104	1.000000e+00
103	434	1.338581e-30
104	105	1.000000e+00
104	-112	2.251071e-25
105	106	1.000000e+00
106	-107	1.342462e-30
106	107	1.000000e+00
107	108	1.000000e+00
-107	108	1.342462e-30
-108	-433	1.338581e-30
108	109	1.000000e+00
109	110	1.000000e+00
109	-122	1.773445e-20
110	111	1.000000e+00
-110	123	1.773419e-20
111	112	1.000000e+00
112	113	1.000000e+00
112	-719	2.740534e-18
112	1068	3.439346e-24
112	-1100	1.339282e-28
113	114	1.000000e+00
-113	134	6.059729e-26
-113	401	2.542134e-28
-114	289	5.109100e-24
114	115	1.000000e+00
114	116	1.342462e-30
115	116	1.000000e+00
116	117	1.000000e+00
117	-118	2.051123e-29
117	118	1.000000e+00
-118	509	3.167553e-29
118	119	1.000000e+00
118	-509	6.298651e-16
119	120	1.000000e+00
119	763	1.846264e-21
-119	-224	3.683764e-15
-119	-631	1.379242e-30
120	121	1.000000e+00
120	-122	2.481976e-23
120	1098	5.814825e-30
-121	123	2.481973e-23
121	122	1.000000e+00
122	123	1.000000e+00
122	-1096	1.675834e-28
122	1097	1.761590e-28
123	124	1.000000e+00
-124	127	3.399176e-26
124	125	1.000000e+00
-125	256	4.634635e-21
125	126	1.000000e+00
126	127	2.405164e-16
126	128	2.661762e-27
126	-135	1.000000e+00
126	1096	9.139599e-29
127	128	1.000000e+00
127	-950	6.396528e-24
-127	129	9.965515e-24
-127	133	9.999990e-01
128	129	1.000000e+00
128	-258	2.981654e-28
-128	133	8.523458e-25
-128	140	6.233964e-24
-128	-442	6.037345e-24
-128	939	5.620542e-24
129	130	1.000000e+00
130	131	1.000000e+00
130	154	1.910052e-27
-131	1118	4.054636e-20
-131	-1119	4.062592e-20
131	132	1.000000e+00
131	183	2.558764e-25
131	-184	3.909460e-24
132	133	5.508275e-07
132	269	1.513078e-18
132	-751	6.223449e-18
132	868	5.194923e-20
132	-903	1.966791e-07
132	923	4.446940e-15
-132	329	4.104300e-29
-132	-464	3.909427e-24
-132	-750	2.558743e-25
-133	135	1.617192e-23
-133	-893	4.666312e-26
-133	-1095	6.904099e-25
133	134	1.000000e+00
133	135	7.909969e-23
133	-950	5.416860e-29
-134	-830	5.024563e-16
-134	1096	2.582604e-30
134	135	1.000000e+00
134	-1101	5.502204e-30
135	136	6.733537e-29
135	-144	9.145841e-29
135	256	1.149243e-14
135	-696	8.244233e-23
135	1095	2.312220e-19
136	137	1.000000e+00
136	-141	1.369728e-27
136	-142	6.512592e-20
136	617	1.043661e-19
-136	143	1.000000e+00
-136	144	3.537825e-30
137	138	9.999971e-01
137	-138	7.775562e-20
137	221	3.902394e-29
137	-1088	4.290613e-20
-137	142	2.131272e-19
138	139	1.000000e+00
138	153	2.410172e-21
138	1087	6.232964e-24
138	1155	9.200653e-11
-138	-1088	4.358532e-20
-139	-152	2.526875e-21
-139	375	3.956972e-23
139	140	1.000000e+00
139	-1080	1.910048e-27
140	141	1.000000e+00
141	142	2.339988e-05
141	-142	9.999766e-01
141	-227	1.026478e-27
141	440	3.102856e-19
141	618	1.671881e-28
-142	298	5.677130e-20
-142	-941	5.076069e-06
-142	971	7.739558e-07
-142	1062	1.286737e-18
142	143	4.084296e-28
143	144	1.000000e+00
144	145	1.000000e+00
145	146	1.000000e+00
-146	-709	1.910048e-27
146	147	1.000000e+00
147	148	1.000000e+00
147	149	1.342462e-30
-148	-149	1.342464e-30
148	149	1.000000e+00
148	150	1.342464e-30
149	150	1.000000e+00
150	151	1.000000e+00
-151	692	2.134205e-30
151	152	1.000000e+00
151	-592	1.342462e-30
152	153	1.000000e+00
-152	592	3.167596e-29
153	154	1.000000e+00
153	-798	1.910128e-27
-153	161	2.134132e-30
154	155	1.000000e+00
154	-156	3.167547e-29
155	156	1.000000e+00
-155	157	3.167547e-29
156	157	1.000000e+00
157	158	1.000000e+00
158	159	1.000000e+00
158	-160	1.342462e-30
-158	168	2.981654e-28
-159	-162	1.342462e-30
159	160	1.000000e+00
160	161	1.000000e+00
-161	163	1.342462e-30
161	162	1.000000e+00
162	163	1.000000e+00
163	164	1.000000e+00
163	-171	7.017601e-21
164	165	1.000000e+00
165	166	1.000000e+00
165	167	1.342462e-30
-166	-168	1.342462e-30
-166	-227	5.372324e-30
166	167	1.000000e+00
166	169	1.342462e-30
167	168	1.000000e+00
168	169	1.000000e+00
169	170	1.000000e+00
169	228	7.632295e-30
-170	251	5.491035e-30
170	171	1.000000e+00
171	222	9.354353e-07
171	-366	2.758459e-18
171	904	7.100294e-10
171	-1154	1.309744e-06
-171	1183	1.038713e-28
172	-173	8.276105e-23
172	173	1.000000e+00
-172	-205	1.000000e+00
173	174	1.000000e+00
-173	174	8.276105e-23
174	175	1.000000e+00
174	176	1.342462e-30
175	176	1.000000e+00
175	-832	3.127353e-29
-175	833	3.127353e-29
176	177	1.000000e+00
176	-191	3.713160e-24
177	178	1.000000e+00
177	200	3.530690e-29
-177	192	3.713163e-24
178	179	8.053264e-07
178	-180	9.999396e-01
178	-210	7.542213e-25
178	-373	1.113539e-19
178	-739	5.951998e-15
-179	-203	5.953856e-20
-179	222	5.645001e-01
-179	-224	1.970917e-01
-179	-731	1.382214e-18
179	180	1.000000e+00
179	193	6.450592e-20
179	-223	4.317631e-29
179	-696	1.320076e-22
180	181	1.932397e-23
180	203	7.496197e-20
180	222	2.847048e-10
180	-224	1.609298e-06
180	732	1.157034e-19
-180	-222	2.795264e-29
-180	223	3.713310e-24
-180	-224	1.555878e-11
-180	-862	4.313009e-29
181	182	1.000000e+00
181	-740	4.308878e-29
181	-741	3.909648e-24
-181	199	2.311908e-19
-181	225	1.000000e+00
-181	-495	5.517015e-29
-181	-959	5.108985e-24
182	183	1.000000e+00
-182	-183	2.051107e-29
-182	433	3.439396e-24
183	184	1.000000e+00
184	185	1.000000e+00
184	440	3.439354e-24
-184	443	3.167547e-29
-185	752	4.997213e-28
185	186	1.000000e+00
-186	752	2.051107e-29
186	187	1.000000e+00
187	188	1.000000e+00
187	-201	2.051107e-29
187	-202	3.133826e-28
-188	191	1.910048e-27
188	189	1.000000e+00
188	-194	7.307670e-30
188	-204	2.981709e-28
189	190	1.000000e+00
189	226	5.376008e-30
189	251	8.968337e-30
-189	-225	5.342850e-30
-189	497	1.405192e-30
190	191	1.000000e+00
190	197	1.910079e-27
190	-501	1.341145e-30
-190	192	2.775847e-29
-190	-193	2.178982e-30
-190	-250	8.968291e-30
191	192	1.000000e+00
191	-192	6.450290e-20
192	193	1.000000e+00
192	-221	8.250274e-20
193	194	1.000000e+00
193	-254	8.276125e-23
-193	195	1.031226e-28
-193	-316	6.362492e-20
-193	-521	2.634459e-29
194	-195	1.846298e-21
194	195	1.000000e+00
194	-1103	5.707300e-19
-194	225	6.777957e-29
-194	255	8.276125e-23
-195	196	1.846294e-21
-195	-1131	2.810313e-16
195	196	1.000000e+00
196	197	1.000000e+00
196	-226	7.313828e-30
197	198	1.000000e+00
197	249	5.969288e-20
197	544	1.096078e-26
197	699	1.479006e-30
-198	1095	5.109260e-24
198	199	1.000000e+00
198	225	8.076910e-18
-199	200	9.096205e-20
199	200	1.000000e+00
199	-224	1.869405e-19
199	646	8.754225e-20
199	-754	5.771867e-15
200	201	1.000000e+00
200	202	1.342462e-30
-200	918	3.439346e-24
-201	-202	2.051107e-29
201	202	1.000000e+00
202	203	1.000000e+00
-203	204	2.051107e-29
203	204	1.000000e+00
204	205	1.000000e+00
205	206	6.832393e-26
205	1031	5.819844e-19
205	-1075	3.710488e-15
-205	222	1.808533e-18
-205	544	1.073859e-26
206	207	1.000000e+00
-206	-209	1.026266e-28
-206	211	1.097211e-26
-206	1172	1.000000e+00
207	208	1.000000e+00
208	209	1.000000e+00
208	210	3.127353e-29
209	210	1.000000e+00
-209	1172	4.598974e-30
210	211	1.000000e+00
211	212	1.000000e+00
-211	-1178	2.051107e-29
212	213	1.000000e+00
-212	213	2.981654e-28
213	214	9.574613e-01
214	215	1.000000e+00
214	-215	3.233210e-22
214	216	7.949383e-29
-214	215	1.238001e-25
-215	216	3.233218e-22
-215	-216	4.986087e-29
-215	-971	2.798385e-16
215	216	1.000000e+00
215	217	2.140319e-30
216	217	1.000000e+00
217	218	1.000000e+00
217	-219	1.342462e-30
218	219	1.000000e+00
-218	220	1.342462e-30
219	220	1.000000e+00
220	221	1.000000e+00
221	222	3.489242e-08
221	254	9.999912e-01
221	-255	6.502988e-16
-222	223	8.642366e-18
-222	-225	1.119654e-16
-222	545	2.486619e-17
222	223	1.000000e+00
222	724	9.318256e-28
223	224	1.000000e+00
-224	863	2.298013e-30
224	225	1.926655e-19
225	226	1.000000e+00
225	227	1.846299e-21
226	227	1.000000e+00
227	228	1.000000e+00
227	229	8.964796e-30
227	-232	2.270044e-29
-227	-249	2.084228e-29
-227	-255	4.264530e-28
-228	337	8.974354e-30
228	229	1.000000e+00
228	-336	2.298012e-30
229	230	1.000000e+00
230	231	1.000000e+00
230	-253	4.624419e-29
230	971	4.867759e-11
-231	889	2.481895e-23
231	232	1.000000e+00
232	233	1.000000e+00
232	829	1.847708e-21
233	234	1.000000e+00
233	235	5.497765e-30
234	235	1.000000e+00
235	236	1.000000e+00
236	237	1.000000e+00
236	238	3.127353e-29
-237	242	9.432110e-24
-237	-1025	4.690253e-25
237	238	1.000000e+00
237	-241	4.048896e-25
238	239	1.000000e+00
238	255	8.765175e-30
-239	240	5.503557e-30
239	240	1.000000e+00
240	241	1.000000e+00
-240	-567	2.981709e-28
241	242	9.999931e-01
241	999	3.705538e-15
242	243	1.000000e+00
242	-316	2.101408e-23
-243	244	4.778191e-28
-243	245	2.051107e-29
243	244	1.000000e+00
243	248	7.617974e-28
244	245	1.000000e+00
244	248	3.270126e-29
245	246	1.000000e+00
246	247	1.000000e+00
-246	279	3.713522e-24
247	248	1.000000e+00
247	-647	3.045236e-27
248	249	9.999737e-01
248	-250	1.755266e-16
248	299	2.455191e-19
248	-694	3.553174e-10
249	250	1.000000e+00
-249	251	1.755268e-16
-249	1155	1.122975e-06
250	251	1.000000e+00
250	-252	3.127475e-29
251	252	1.000000e+00
-251	253	3.127481e-29
-251	-253	7.106594e-30
252	253	1.000000e+00
253	254	3.036675e-25
253	-255	1.000000e+00
254	255	1.000000e+00
254	-672	1.085034e-19
-256	-261	3.674113e-20
-256	-722	4.518049e-20
-256	-779	4.314584e-20
256	257	1.000000e+00
256	258	1.342425e-30
256	-882	2.692868e-24
257	258	1.000000e+00
257	-265	2.981654e-28
-257	-1161	8.522913e-20
258	259	1.000000e+00
259	260	2.721385e-30
259	-263	1.000000e+00
259	-505	1.342660e-30
260	261	1.000000e+00
-260	264	1.000000e+00
-261	264	1.407831e-30
261	262	1.000000e+00
262	-263	1.408015e-30
262	263	1.000000e+00
263	264	2.721387e-30
263	505	1.342658e-30
264	265	1.000000e+00
265	266	1.000000e+00
266	267	1.000000e+00
266	-271	1.342462e-30
267	268	1.000000e+00
-267	271	2.140319e-30
268	269	1.000000e+00
269	270	1.000000e+00
269	-270	8.276106e-23
-270	271	8.276106e-23
270	271	1.000000e+00
270	272	2.140319e-30
271	272	1.000000e+00
271	-286	1.338624e-30
272	273	1.000000e+00
-272	287	1.338624e-30
273	274	1.000000e+00
273	-278	5.889332e-26
273	-286	1.171545e-29
273	-620	4.752135e-15
274	275	1.000000e+00
-274	279	1.381229e-28
-274	287	1.171545e-29
-274	-617	4.773431e-15
275	276	1.000000e+00
275	621	1.368136e-30
276	277	1.000000e+00
-276	-286	1.366709e-30
277	278	1.000000e+00
277	-618	5.915778e-30
278	279	9.999972e-01
-278	-280	1.340013e-30
-279	282	2.867600e-29
-279	621	3.466481e-29
279	280	1.000000e+00
280	281	1.000000e+00
281	282	1.000000e+00
281	764	2.981661e-28
-281	362	2.981654e-28
282	283	1.000000e+00
282	618	1.368136e-30
283	284	1.000000e+00
284	285	1.000000e+00
284	-286	1.468806e-30
284	-287	5.337227e-30
284	385	5.934541e-29
-284	294	2.239878e-29
-284	-321	2.183485e-29
-285	286	2.640755e-29
-285	-385	2.295593e-30
285	286	1.000000e+00
285	-287	1.091293e-20
285	287	2.621710e-29
285	-293	1.077641e-28
285	1000	3.713164e-24
286	287	1.000000e+00
-286	287	2.759584e-29
-286	288	1.091293e-20
-286	-999	3.713164e-24
287	288	1.000000e+00
288	289	1.000000e+00
289	290	1.000000e+00
-289	-300	3.558685e-29
-289	-497	2.101427e-23
290	291	1.000000e+00
291	292	1.000000e+00
291	-293	5.347340e-30
291	-298	1.910048e-27
-292	294	5.347340e-30
292	293	9.999972e-01
292	-429	2.645006e-29
292	1005	9.157422e-24
293	294	1.000000e+00
293	-296	1.846295e-21
294	295	1.000000e+00
-294	297	1.846295e-21
295	296	1.000000e+00
296	297	1.000000e+00
297	298	1.000000e+00
298	299	1.000000e+00
299	300	1.000000e+00
-300	575	5.096518e-21
300	301	1.000000e+00
300	302	1.342462e-30
301	302	1.000000e+00
301	-305	1.342462e-30
-301	-303	1.342462e-30
-301	320	2.514967e-29
302	303	1.000000e+00
303	304	1.000000e+00
-304	306	1.342462e-30
304	305	1.000000e+00
305	306	1.000000e+00
306	307	1.000000e+00
306	-309	5.109053e-24
306	-890	4.580313e-19
-307	310	5.109053e-24
-307	-1126	2.730552e-19
307	308	1.000000e+00
307	1001	1.342462e-30
308	309	1.000000e+00
-308	1125	2.653936e-21
-309	-867	1.342625e-30
309	310	1.000000e+00
310	311	1.000000e+00
310	1007	2.051107e-29
310	-1163	3.439396e-24
311	312	1.000000e+00
312	313	1.000000e+00
312	-314	3.713103e-24
313	314	1.000000e+00
-313	315	3.713103e-24
-313	625	2.023486e-11
314	315	1.000000e+00
315	316	1.000000e+00
316	317	1.000000e+00
-317	625	1.841532e-09
317	318	1.000000e+00
-318	-882	1.895754e-21
318	319	1.000000e+00
318	767	2.981654e-28
319	320	9.999972e-01
320	321	1.000000e+00
320	908	2.295557e-30
-320	629	1.091275e-20
-320	883	2.063639e-18
-321	-908	2.295557e-30
321	322	1.000000e+00
321	-619	4.072839e-30
321	-620	8.284300e-14
-322	-617	2.764438e-14
322	323	1.000000e+00
323	-624	9.999989e-01
324	325	1.000000e+00
324	326	8.682343e-30
-324	-364	4.114317e-23
-324	-467	6.353800e-23
-324	-903	5.693216e-11
-324	-1093	8.286249e-13
325	326	1.000000e+00
325	327	1.846311e-21
325	-816	8.964531e-30
-325	331	2.212602e-30
-325	817	2.295562e-30
326	327	1.000000e+00
-326	331	8.278777e-30
327	328	1.000000e+00
328	329	1.000000e+00
328	-698	1.378093e-30
329	330	1.000000e+00
329	477	1.817839e-18
329	-697	1.051933e-14
-329	507	1.341469e-30
330	331	1.000000e+00
330	392	3.460638e-29
-330	-652	4.877047e-20
-330	657	3.909452e-24
331	332	1.000000e+00
331	-364	1.341011e-30
-332	365	1.341012e-30
332	333	1.000000e+00
333	334	1.000000e+00
334	335	1.000000e+00
334	336	2.295557e-30
335	336	1.000000e+00
336	337	1.000000e+00
337	338	1.000000e+00
337	-340	1.342462e-30
338	339	1.000000e+00
338	342	1.342462e-30
-338	339	1.342462e-30
339	340	1.000000e+00
340	341	1.000000e+00
-341	-342	1.342493e-30
341	342	1.000000e+00
341	343	1.342469e-30
342	343	1.000000e+00
342	344	2.295557e-30
343	344	1.000000e+00
344	345	1.000000e+00
344	346	2.299724e-30
344	349	2.051143e-29
-345	-349	2.051123e-29
345	346	1.000000e+00
346	347	1.000000e+00
347	348	1.000000e+00
348	349	1.000000e+00
348	350	1.342462e-30
349	350	1.000000e+00
350	351	1.000000e+00
350	-360	7.353473e-28
351	352	1.000000e+00
352	353	1.000000e+00
353	354	1.000000e+00
354	355	1.000000e+00
354	-361	1.379552e-30
355	356	1.000000e+00
-355	673	5.381811e-30
356	357	1.000000e+00
356	358	1.342462e-30
357	358	1.000000e+00
357	361	3.167547e-29
-357	-360	3.167547e-29
358	359	9.999972e-01
358	-407	8.670112e-14
359	360	1.000000e+00
-359	-941	4.488068e-13
360	361	1.000000e+00
360	365	1.408990e-30
361	362	1.000000e+00
361	-645	5.109019e-24
-362	702	1.341447e-30
362	363	1.000000e+00
363	364	1.000000e+00
364	365	1.000000e+00
364	-380	1.418299e-30
365	366	2.891527e-30
365	-366	1.000000e+00
365	367	1.415154e-30
365	-487	2.758491e-18
-365	701	1.369152e-30
-365	-982	3.909415e-24
-365	-1149	2.051091e-29
366	367	2.891508e-30
-366	367	1.000000e+00
367	368	1.000000e+00
367	-368	4.839601e-28
367	-376	1.260125e-23
-368	1087	4.839601e-28
368	-369	2.051107e-29
368	369	1.000000e+00
-369	-371	2.051107e-29
-369	-1119	4.062584e-20
369	370	1.000000e+00
370	371	1.000000e+00
-370	372	1.342462e-30
371	372	1.000000e+00
372	373	1.000000e+00
373	374	1.000000e+00
374	375	1.000000e+00
374	-1071	1.910048e-27
375	376	1.000000e+00
375	407	1.559028e-20
-376	377	2.853955e-28
376	377	1.000000e+00
376	381	4.046164e-29
376	385	2.312191e-19
-377	-384	8.755640e-20
-377	-390	2.101711e-23
-377	404	2.667120e-27
377	-378	8.076910e-18
377	378	1.000000e+00
377	-678	4.251294e-29
378	379	1.000000e+00
-378	379	8.076910e-18
379	380	1.000000e+00
379	-671	2.981654e-28
-380	883	1.908505e-18
380	381	1.000000e+00
380	-987	2.295593e-30
381	382	1.000000e+00
381	383	1.754378e-16
381	-694	5.802651e-20
-381	987	2.295593e-30
382	383	9.999589e-01
382	-391	7.930862e-14
383	384	1.000000e+00
383	392	1.395701e-19
383	399	2.139482e-21
383	404	5.876664e-19
-383	392	2.701160e-15
384	385	1.000000e+00
384	386	5.934412e-29
384	405	2.178445e-25
384	688	2.701211e-15
-384	-398	2.628472e-21
-384	-403	2.053077e-17
385	-386	1.338612e-30
385	386	1.000000e+00
-385	-399	3.533150e-29
-385	933	3.628914e-29
-385	1031	3.375140e-18
386	-387	1.342462e-30
386	387	1.000000e+00
-387	388	1.342462e-30
387	388	1.000000e+00
388	389	1.000000e+00
389	390	1.000000e+00
390	391	1.000000e+00
391	392	1.000000e+00
391	-405	2.647104e-28
391	797	4.257673e-29
-391	400	1.390520e-30
-391	1072	1.910091e-27
-392	405	4.789346e-25
392	393	1.000000e+00
392	-401	1.411860e-30
392	792	2.981662e-28
393	394	1.000000e+00
394	395	1.000000e+00
394	-488	8.284976e-23
-394	-407	2.291306e-17
395	396	1.000000e+00
395	-397	1.342462e-30
-395	402	2.248787e-30
-395	489	8.284979e-23
-396	398	1.342462e-30
396	397	1.000000e+00
397	398	1.000000e+00
398	399	1.000000e+00
399	400	1.000000e+00
399	-401	2.051096e-29
400	401	1.000000e+00
400	429	2.051107e-29
-400	982	2.953568e-20
401	402	1.000000e+00
401	982	4.512643e-19
-402	-694	7.300108e-18
402	403	1.000000e+00
402	-403	1.080686e-28
402	-404	6.808696e-22
-403	404	2.139493e-21
403	404	1.000000e+00
403	-405	1.026467e-20
403	-740	1.808040e-28
404	405	9.999998e-01
404	-406	2.773626e-22
404	-407	1.680299e-13
404	407	1.074863e-27
-404	959	5.820337e-29
405	406	1.000000e+00
-405	407	3.461948e-17
-406	488	2.525361e-15
406	-407	1.532811e-07
406	407	9.999954e-01
406	1116	6.616953e-25
407	1115	1.396142e-08
-407	641	9.623072e-18
-408	409	2.681867e-16
-408	412	6.893980e-12
-408	419	9.647991e-15
-408	423	1.215204e-14
-408	424	1.956753e-11
408	409	1.000000e+00
408	653	5.084419e-29
408	-1087	1.485369e-30
409	410	1.000000e+00
410	411	1.000000e+00
411	412	1.000000e+00
412	413	1.000000e+00
412	-416	1.342462e-30
412	425	3.831490e-26
-413	-414	1.342462e-30
413	414	1.000000e+00
413	417	3.127360e-29
-414	415	3.127360e-29
414	415	1.000000e+00
415	416	1.000000e+00
416	417	1.000000e+00
417	418	1.000000e+00
417	-418	2.051107e-29
-418	-696	2.732384e-23
418	419	1.000000e+00
418	-696	4.174729e-22
419	420	1.000000e+00
-419	422	5.237869e-30
420	421	1.000000e+00
421	422	1.000000e+00
421	698	5.370097e-30
421	-1093	3.571823e-20
422	423	1.000000e+00
422	502	6.653860e-29
423	424	9.999977e-01
423	-424	4.421403e-25
423	501	3.350665e-23
-423	721	1.060841e-28
424	425	9.999944e-01
-424	425	5.431629e-25
-424	-436	4.053463e-28
425	426	1.000000e+00
425	427	1.338563e-30
425	-427	3.127361e-29
426	427	1.000000e+00
-427	428	3.127361e-29
427	428	1.000000e+00
427	-438	4.189318e-26
428	429	1.000000e+00
428	430	2.051112e-29
428	-1127	4.054619e-20
-428	-442	5.245241e-30
-429	-431	2.051108e-29
429	430	1.000000e+00
429	432	1.342465e-30
430	431	1.000000e+00
430	-432	5.109063e-24
431	432	1.000000e+00
-431	433	5.308606e-24
432	433	1.000000e+00
432	1179	2.101408e-23
433	434	1.000000e+00
-433	1118	4.449981e-16
434	435	1.000000e+00
-435	436	1.339995e-30
435	436	1.000000e+00
435	-754	1.275508e-19
-436	450	2.981654e-28
436	437	1.000000e+00
437	438	9.998815e-01
437	-448	6.334302e-18
437	-619	4.191423e-25
-437	-649	2.051107e-29
438	439	9.999944e-01
438	440	2.889482e-25
-438	449	2.701106e-15
-438	-487	1.342590e-10
-438	-617	2.798791e-15
439	440	1.000000e+00
439	952	2.101412e-23
440	441	1.000000e+00
440	443	1.342625e-30
-440	961	5.308589e-24
441	-442	1.342661e-30
441	442	1.000000e+00
442	443	1.000000e+00
442	959	1.813620e-27
-443	462	4.055261e-25
-443	-672	7.026566e-20
443	444	1.000000e+00
443	445	1.342462e-30
443	-445	1.338563e-30
444	445	1.000000e+00
444	-445	1.342462e-30
-444	446	1.342462e-30
445	446	1.000000e+00
446	447	1.000000e+00
446	448	2.295557e-30
447	448	1.000000e+00
448	-449	5.109053e-24
448	449	1.000000e+00
449	450	1.000000e+00
-449	-998	7.229225e-14
-449	1081	3.466650e-29
-449	-1153	3.094368e-20
450	451	1.000000e+00
450	-971	2.455152e-19
451	452	1.000000e+00
451	-636	2.981654e-28
-451	678	1.910048e-27
452	453	1.000000e+00
-452	591	2.981654e-28
453	-454	1.342462e-30
453	454	1.000000e+00
454	455	1.000000e+00
-454	455	1.342462e-30
455	456	1.000000e+00
455	646	2.311923e-19
456	457	1.000000e+00
456	-480	2.295557e-30
-456	462	5.025203e-19
457	458	1.000000e+00
-457	469	1.340063e-30
-457	481	2.295557e-30
458	-459	1.342462e-30
458	459	1.000000e+00
459	460	1.000000e+00
-459	461	1.342462e-30
460	461	1.000000e+00
460	-464	2.051107e-29
-460	-461	2.653777e-21
461	462	9.999754e-01
461	465	4.054627e-20
461	487	2.004101e-15
-462	617	1.407332e-10
-462	751	2.653733e-21
462	463	1.000000e+00
462	467	2.981654e-28
463	464	1.000000e+00
464	465	1.000000e+00
465	466	1.000000e+00
-465	-471	2.051107e-29
466	467	1.000000e+00
466	-467	7.353425e-28
467	468	1.000000e+00
468	469	1.000000e+00
-468	472	3.167553e-29
-468	477	5.460464e-22
469	470	1.000000e+00
469	-475	2.981654e-28
470	471	1.000000e+00
-470	-481	5.308595e-24
471	472	1.000000e+00
472	473	1.000000e+00
473	474	1.000000e+00
474	475	1.000000e+00
475	476	1.000000e+00
476	477	9.997892e-01
476	-478	4.054360e-25
-476	-486	9.548118e-24
477	478	1.000000e+00
478	479	1.000000e+00
479	480	1.000000e+00
479	-487	4.342414e-20
480	481	1.000000e+00
480	-485	3.110946e-29
-481	-484	2.558802e-25
481	482	1.000000e+00
481	-483	5.244096e-24
481	485	4.290687e-20
-482	484	5.244096e-24
-482	486	5.216463e-24
482	483	1.000000e+00
483	484	1.000000e+00
484	485	1.000000e+00
484	-486	7.717229e-20
484	487	2.496631e-19
484	-1140	4.099860e-29
-485	487	7.717347e-20
485	486	1.000000e+00
486	487	1.000000e+00
-487	1141	6.487627e-29
487	488	3.452803e-09
-488	500	1.908438e-18
-488	-525	5.394579e-19
-488	526	1.019985e-13
-488	-526	1.013043e-19
-488	-998	2.392624e-12
-488	1172	5.928989e-16
488	489	1.000000e+00
488	-490	2.028109e-23
488	1031	5.953128e-20
-489	490	4.753835e-28
489	-490	4.132983e-25
489	490	1.000000e+00
489	-491	1.641040e-23
490	-491	1.000000e+00
490	491	1.729871e-20
490	524	3.807750e-28
490	1031	1.091241e-18
-490	491	2.199735e-26
-491	524	1.000000e+00
491	492	1.560469e-28
491	524	9.179591e-20
491	-993	1.252658e-28
-492	-522	1.415715e-30
-492	-523	1.000000e+00
492	493	9.999393e-01
492	-503	3.556898e-11
492	532	7.681057e-14
493	494	1.000000e+00
493	528	3.909460e-24
-493	-531	7.681057e-14
494	495	1.000000e+00
494	549	2.730545e-19
495	496	1.000000e+00
495	-509	3.142144e-13
-495	-544	2.101408e-23
-496	502	2.134132e-30
496	497	1.000000e+00
496	-503	9.272110e-22
496	-538	3.713103e-24
-497	499	2.981654e-28
497	498	1.000000e+00
498	499	1.000000e+00
498	-503	1.625898e-19
-498	-1124	2.455350e-19
499	500	1.000000e+00
500	501	1.000000e+00
500	-830	4.397237e-18
501	502	1.000000e+00
501	734	9.537332e-24
502	503	1.000000e+00
502	-503	1.050399e-24
503	504	9.999098e-01
503	505	4.097163e-22
503	-509	1.544084e-05
503	-736	1.362816e-11
-503	504	9.023398e-25
-504	510	1.278243e-09
-504	517	3.915419e-16
-504	-757	9.989671e-17
-504	972	1.037744e-15
-504	1161	5.479554e-19
504	505	1.000000e+00
504	506	1.342464e-30
505	506	1.000000e+00
-505	-543	1.072337e-26
506	507	1.000000e+00
507	-508	1.127538e-27
507	508	1.000000e+00
507	-509	9.727019e-16
508	509	1.000000e+00
509	510	4.152778e-02
509	511	9.722999e-16
509	-512	7.118354e-09
509	696	1.179193e-20
510	511	4.104848e-21
510	-512	9.940699e-01
510	1021	2.611463e-21
-510	-512	1.986491e-15
-510	-881	3.328169e-14
-510	-998	1.744102e-06
-510	1037	9.557231e-21
-511	-513	1.000000e+00
-511	-1023	1.173107e-25
511	512	1.000000e+00
511	-513	1.340134e-30
512	513	1.489896e-21
512	-881	1.136282e-19
-513	514	1.000000e+00
513	514	5.222526e-30
513	-998	9.619670e-20
514	515	1.338614e-30
514	-526	1.000000e+00
-514	-1037	1.841749e-29
515	516	1.000000e+00
-515	527	1.000000e+00
516	517	1.000000e+00
517	518	1.000000e+00
518	519	1.000000e+00
518	773	8.984031e-22
519	520	1.000000e+00
520	521	1.000000e+00
-520	688	5.969136e-20
521	522	1.000000e+00
522	523	1.000000e+00
523	524	8.305324e-30
-524	-988	8.401056e-26
524	525	1.000000e+00
525	526	1.000000e+00
525	886	2.481935e-23
525	998	4.737553e-28
526	527	1.338614e-30
-526	-998	4.115834e-10
-526	1023	7.045811e-29
527	528	1.000000e+00
527	545	2.481895e-23
527	-628	1.773392e-20
528	529	1.000000e+00
528	-845	1.146019e-26
-529	846	1.147330e-26
-529	907	2.101617e-23
529	530	1.000000e+00
530	531	1.000000e+00
531	532	1.000000e+00
532	533	1.000000e+00
532	534	1.342462e-30
-533	-534	2.140319e-30
533	534	1.000000e+00
533	535	2.140334e-30
534	535	1.000000e+00
534	-550	3.657642e-13
-535	537	2.235613e-30
535	536	1.000000e+00
535	-536	2.295628e-30
535	537	1.405568e-30
536	537	1.000000e+00
-536	537	2.295630e-30
537	538	9.999972e-01
537	-1171	1.802169e-18
538	539	1.000000e+00
538	724	2.431016e-28
-538	725	2.567724e-29
-538	-803	3.713111e-24
539	540	1.000000e+00
-539	544	2.014729e-25
-539	-545	1.091275e-20
-539	-843	2.655771e-29
540	541	1.000000e+00
541	542	1.000000e+00
541	544	4.187657e-26
541	-836	1.032635e-28
542	543	1.000000e+00
543	544	9.999944e-01
544	545	1.000000e+00
545	546	1.000000e+00
546	547	1.000000e+00
546	-548	2.558737e-25
547	548	1.000000e+00
548	549	1.000000e+00
548	550	1.522297e-28
549	550	1.000000e+00
550	625	4.217537e-03
550	720	1.724598e-01
550	-938	7.519837e-10
550	1053	2.220175e-15
-551	-941	6.408225e-08
551	552	9.999875e-01
551	553	1.790400e-23
552	553	1.000000e+00
-552	-553	1.399838e-11
-552	-560	7.124931e-20
-553	-616	1.295072e-18
553	554	9.999627e-01
553	-564	2.554231e-19
-554	-572	2.483518e-24
554	555	1.000000e+00
554	556	1.619112e-28
555	556	1.000000e+00
556	557	1.000000e+00
557	558	1.000000e+00
557	595	1.342462e-30
558	559	1.000000e+00
-558	-595	1.342462e-30
559	560	1.000000e+00
559	561	2.299954e-30
560	561	1.000000e+00
560	-574	1.985231e-22
560	1095	5.945171e-29
-560	-1094	7.290733e-29
561	562	1.000000e+00
-561	575	5.666186e-19
-562	563	1.340091e-30
562	563	1.000000e+00
563	564	1.000000e+00
564	565	1.000000e+00
-565	566	2.051112e-29
-565	569	3.133833e-28
565	566	1.000000e+00
565	569	2.051107e-29
566	567	1.000000e+00
567	568	1.000000e+00
567	-573	1.344709e-30
567	-1181	2.589127e-29
-568	-575	1.340454e-30
-568	-941	2.792400e-17
568	569	1.000000e+00
568	597	4.778191e-28
569	570	1.000000e+00
570	571	9.997891e-01
570	-574	3.924392e-18
570	576	4.044051e-25
571	572	1.000000e+00
-571	574	2.326821e-22
-571	575	1.554694e-18
572	573	1.000000e+00
572	-574	4.986735e-24
-572	573	1.342503e-30
573	574	1.000000e+00
573	-596	7.379311e-28
573	-616	1.826447e-21
574	575	9.997397e-01
-575	576	1.266441e-20
-575	-577	3.398476e-21
-575	578	1.377561e-19
-575	581	2.104749e-21
-575	615	6.778603e-14
575	576	1.000000e+00
575	578	5.237085e-30
575	-602	1.843276e-30
576	577	1.000000e+00
577	578	1.000000e+00
578	579	1.000000e+00
-579	598	1.408942e-30
579	580	1.000000e+00
-580	581	1.846378e-21
580	581	1.000000e+00
-581	-582	1.042637e-28
581	582	1.000000e+00
581	-593	1.338588e-30
582	583	1.000000e+00
582	585	2.517248e-29
582	586	4.623988e-20
582	-596	9.825096e-29
-582	-607	1.340020e-30
583	584	1.000000e+00
584	585	1.000000e+00
584	586	2.517214e-29
585	586	1.000000e+00
-585	-616	1.704813e-21
586	587	1.000000e+00
586	588	2.295557e-30
587	588	1.000000e+00
588	589	1.000000e+00
588	-589	2.596084e-30
588	590	4.016707e-22
588	592	1.403903e-30
-589	590	3.545311e-30
589	590	1.000000e+00
590	591	1.000000e+00
-590	599	9.208773e-30
591	592	1.000000e+00
591	593	3.167597e-29
591	-613	1.384977e-30
592	593	1.000000e+00
593	594	1.000000e+00
593	847	4.986160e-29
594	595	1.000000e+00
594	596	1.342462e-30
-594	-848	3.127401e-29
595	596	1.000000e+00
596	597	1.000000e+00
596	-599	5.235553e-30
597	598	1.000000e+00
597	-600	1.338563e-30
598	599	1.000000e+00
598	604	1.340013e-30
-598	601	1.338563e-30
599	600	1.000000e+00
599	-605	1.344061e-30
600	601	1.000000e+00
601	602	1.000000e+00
602	603	1.000000e+00
603	604	1.000000e+00
604	605	1.000000e+00
604	607	1.342464e-30
-605	606	3.167554e-29
605	606	1.000000e+00
605	-609	3.167596e-29
605	610	1.414959e-30
606	607	1.000000e+00
606	-679	1.342625e-30
-606	-614	7.670551e-23
-607	679	1.338563e-30
607	608	1.000000e+00
608	609	1.000000e+00
608	610	1.338585e-30
609	610	1.000000e+00
-610	-615	1.342483e-30
610	611	9.999888e-01
610	612	2.647231e-26
610	-614	2.285280e-19
611	612	1.000000e+00
612	613	1.000000e+00
-613	638	6.037409e-24
613	614	1.000000e+00
613	-637	6.037409e-24
614	615	9.999740e-01
614	-615	4.953965e-26
-614	972	6.261294e-20
-615	616	4.953965e-26
-615	-815	1.444232e-19
615	616	1.000000e+00
617	618	1.101199e-23
617	-620	9.981919e-01
617	633	1.624032e-18
617	-640	3.647519e-05
-617	-903	6.347233e-09
-618	621	1.000000e+00
-618	-624	3.059522e-26
618	619	4.886391e-21
618	634	1.000000e+00
619	620	1.000000e+00
619	-896	4.470741e-25
-619	-633	1.000000e+00
-620	621	1.340056e-30
620	621	1.079846e-23
620	-632	1.722779e-18
620	-896	3.980337e-14
621	622	1.000000e+00
622	-623	3.127353e-29
622	623	1.000000e+00
623	624	1.000000e+00
-623	624	3.127353e-29
624	625	1.003697e-07
625	626	1.000000e+00
625	-640	1.911481e-16
625	-1131	6.944628e-15
626	627	1.000000e+00
626	-627	8.276105e-23
-626	636	1.341145e-30
-626	-894	1.910048e-27
-627	628	8.276105e-23
627	628	1.000000e+00
628	629	1.000000e+00
629	630	1.000000e+00
629	631	2.295557e-30
629	632	1.342493e-30
630	631	1.000000e+00
-630	-895	3.167565e-29
-631	-680	1.338594e-30
631	632	1.000000e+00
631	896	3.167547e-29
632	633	1.000000e+00
633	634	4.886391e-21
634	635	1.000000e+00
635	636	1.000000e+00
636	637	1.000000e+00
637	-638	2.558759e-25
637	638	1.000000e+00
637	-640	6.889366e-11
-638	639	2.558759e-25
638	639	1.000000e+00
639	640	9.999972e-01
-640	-1143	1.120216e-18
640	641	5.678055e-05
640	-1075	2.668635e-06
641	642	1.000000e+00
641	-989	1.866708e-27
-641	646	4.015376e-18
-641	656	1.027444e-14
-641	664	1.911900e-19
-641	-1079	2.051512e-19
-641	-1156	9.659032e-13
642	643	1.000000e+00
642	781	2.295557e-30
-642	648	1.910052e-27
-643	-782	2.295557e-30
643	644	1.000000e+00
644	645	9.999944e-01
645	646	1.000000e+00
645	-656	2.101393e-23
645	-696	1.265700e-22
646	647	1.000000e+00
646	653	2.481895e-23
-647	650	3.133826e-28
-647	-652	3.909452e-24
647	648	1.000000e+00
647	1080	1.404895e-30
648	649	1.000000e+00
649	650	1.000000e+00
650	651	1.000000e+00
651	652	1.000000e+00
652	653	1.000000e+00
653	654	1.000000e+00
654	655	1.000000e+00
655	656	1.000000e+00
656	657	1.000000e+00
657	658	1.000000e+00
657	-672	2.808055e-16
-657	851	4.778268e-28
658	659	1.000000e+00
658	662	2.981654e-28
659	-660	1.342462e-30
659	660	1.000000e+00
-659	-663	2.981654e-28
660	661	1.000000e+00
-660	661	1.342462e-30
661	662	1.000000e+00
662	663	1.000000e+00
662	666	1.342462e-30
663	664	1.000000e+00
-663	-666	1.342462e-30
-664	672	2.981654e-28
664	665	1.000000e+00
665	666	1.000000e+00
665	667	1.342462e-30
666	667	1.000000e+00
667	668	1.000000e+00
668	669	1.000000e+00
669	670	1.000000e+00
669	671	2.295557e-30
670	671	1.000000e+00
670	672	1.340016e-30
671	672	1.000000e+00
671	-1124	5.157663e-25
-672	1123	4.440461e-25
672	832	1.069087e-18
672	1164	4.837811e-14
673	674	1.000000e+00
-673	682	1.000000e+00
-673	716	3.296638e-28
674	675	1.000000e+00
674	697	5.654094e-15
674	-743	2.481895e-23
-675	-687	3.190219e-15
-675	-690	5.654010e-15
675	676	1.000000e+00
676	677	1.000000e+00
676	682	5.233168e-30
677	678	1.000000e+00
678	-679	3.167547e-29
678	679	1.000000e+00
-678	734	4.050323e-25
-679	680	3.167547e-29
679	680	1.000000e+00
-680	707	7.353488e-28
-680	1080	1.370838e-30
680	681	1.000000e+00
680	688	4.044890e-25
680	-694	2.502265e-19
-681	-687	4.044540e-25
681	682	8.310617e-30
681	698	1.000000e+00
682	683	1.000000e+00
682	-683	1.342462e-30
-682	-715	3.326799e-28
683	684	1.000000e+00
-683	685	1.342462e-30
684	685	1.000000e+00
685	686	1.000000e+00
686	687	1.000000e+00
686	799	1.910059e-27
687	688	9.999737e-01
687	-697	3.498137e-10
-687	-705	1.910048e-27
-688	-694	4.956544e-10
688	689	1.000000e+00
688	690	1.826204e-26
689	690	1.000000e+00
689	-697	9.690779e-16
689	-702	1.826237e-26
-689	703	2.295592e-30
690	691	3.353068e-10
690	693	1.201135e-16
690	697	9.998900e-01
690	-697	3.627904e-10
690	765	2.081113e-19
-690	894	1.906601e-22
-691	695	5.348328e-12
-691	-696	9.990269e-01
-691	698	3.175458e-24
691	692	1.000000e+00
691	697	5.213894e-17
692	693	1.000000e+00
692	694	4.278753e-30
692	695	5.907776e-16
692	-711	1.829587e-26
-692	-694	4.661976e-16
-692	-697	2.309554e-20
-693	709	1.826274e-26
693	694	1.000000e+00
694	695	5.749056e-01
694	-696	2.745664e-13
695	696	1.000000e+00
-695	-697	4.242266e-01
-695	-982	1.023334e-18
-695	-1075	1.824177e-09
-695	-1153	3.922699e-11
696	697	3.353469e-10
-697	804	2.081102e-19
-697	-1183	3.918311e-14
697	698	1.516114e-19
698	699	1.000000e+00
698	-700	1.342483e-30
-699	701	1.342483e-30
699	700	1.000000e+00
700	701	1.000000e+00
701	702	1.000000e+00
702	-703	8.210049e-30
702	703	1.000000e+00
703	704	1.000000e+00
704	705	1.000000e+00
-705	-719	3.593527e-22
705	706	1.000000e+00
705	712	1.343746e-30
706	707	1.000000e+00
-706	710	1.910048e-27
-706	718	3.730936e-25
707	708	1.000000e+00
708	709	1.000000e+00
708	712	2.299954e-30
709	710	1.000000e+00
710	711	1.000000e+00
711	712	1.000000e+00
711	713	2.051138e-29
711	-714	4.997288e-28
-712	715	1.910092e-27
712	713	1.000000e+00
712	-713	1.342462e-30
713	714	1.000000e+00
714	715	1.000000e+00
715	716	1.000000e+00
715	-717	8.516356e-14
715	717	5.733456e-29
715	718	1.056740e-23
-716	718	1.056607e-23
-716	-718	3.327378e-13
716	-717	4.485166e-25
716	717	1.000000e+00
717	-718	2.388773e-02
717	718	7.683802e-01
717	719	2.169025e-20
-718	719	2.073601e-01
718	719	1.137893e-03
718	-1093	4.450995e-14
719	-732	1.310669e-14
719	-1114	5.069340e-13
719	1154	3.302528e-12
-720	1098	1.921281e-16
720	721	1.000000e+00
720	738	2.777013e-25
721	722	1.000000e+00
721	-733	2.653727e-21
722	723	1.000000e+00
722	-725	3.713112e-24
723	724	1.000000e+00
723	-738	7.868138e-11
724	725	1.000000e+00
724	-846	9.325873e-30
724	-1103	1.246897e-19
-724	729	6.104660e-29
-724	-1154	6.774033e-11
725	726	1.000000e+00
725	-1154	2.281833e-11
-725	729	3.167599e-29
-725	-840	1.731665e-30
-726	-736	7.793352e-16
-726	-833	1.555702e-11
726	727	1.000000e+00
726	733	6.258228e-20
726	-738	5.665134e-17
726	-1100	5.232915e-30
727	728	1.000000e+00
-727	-733	4.047279e-25
-727	734	2.214114e-22
728	729	1.000000e+00
729	730	1.000000e+00
729	-736	4.047498e-25
-730	-736	4.047455e-25
-730	737	4.048225e-25
730	731	1.000000e+00
-731	-738	4.210111e-12
731	732	1.000000e+00
732	733	9.999754e-01
732	-736	1.697131e-11
732	738	1.035821e-23
733	734	9.998824e-01
733	-737	1.072336e-15
733	-738	1.247632e-07
-733	-736	5.245788e-12
-733	737	1.681980e-11
-733	-738	1.247653e-07
734	-735	9.999989e-01
734	735	1.240889e-12
735	736	1.240889e-12
-735	736	9.999937e-01
736	737	9.999745e-01
737	738	1.000000e+00
-737	-738	2.979790e-07
738	739	4.050304e-03
-738	1076	3.439317e-24
739	740	5.303447e-24
739	-741	1.000000e+00
739	-759	4.541146e-29
-739	-754	5.263597e-09
-739	-833	8.285967e-06
-739	-998	1.566501e-06
740	741	1.000000e+00
740	742	3.522257e-30
740	-757	1.219155e-25
-740	741	1.006997e-25
-740	-757	1.000000e+00
-741	-756	2.928755e-30
-741	-757	4.320125e-23
-741	765	2.024547e-27
-741	964	1.843190e-26
741	742	7.019601e-29
741	757	2.558887e-25
741	-757	1.063808e-24
741	759	4.004558e-29
741	-764	4.339599e-29
742	743	1.000000e+00
-742	-758	1.892189e-30
-742	758	1.000000e+00
-742	-759	2.981852e-28
743	744	1.000000e+00
-744	1157	6.635544e-22
744	745	1.000000e+00
744	-745	1.342482e-30
744	756	1.338581e-30
-745	746	1.342483e-30
745	746	1.000000e+00
746	747	1.000000e+00
746	-747	1.342482e-30
-746	757	1.376605e-30
747	748	1.000000e+00
-747	748	1.342482e-30
748	-749	8.276105e-23
748	749	1.000000e+00
748	750	3.402499e-30
-749	750	8.276105e-23
749	750	1.000000e+00
750	751	1.000000e+00
751	752	1.000000e+00
751	-754	5.886180e-22
752	753	1.000000e+00
753	754	1.000000e+00
754	755	9.999379e-01
754	762	3.748723e-16
-755	756	5.912972e-21
-755	-761	3.944275e-16
-755	918	9.034255e-20
-755	-972	6.292281e-24
-755	-1031	1.552169e-15
-755	-1158	3.119525e-17
755	756	1.000000e+00
755	-1128	2.051107e-29
756	757	1.000000e+00
756	-757	5.696110e-27
757	758	6.422184e-26
757	970	6.739781e-17
757	1030	6.715664e-18
758	759	1.000000e+00
-758	759	1.835621e-30
759	760	1.000000e+00
760	761	1.000000e+00
760	-763	1.341452e-30
761	762	1.000000e+00
-761	-764	1.369606e-30
762	763	1.000000e+00
763	764	1.000000e+00
764	765	1.000000e+00
764	-772	3.640538e-15
765	766	1.000000e+00
-765	974	1.277901e-25
766	767	1.000000e+00
767	768	1.000000e+00
768	769	1.000000e+00
769	770	1.000000e+00
769	771	1.342462e-30
-769	-998	1.735339e-17
770	771	1.000000e+00
771	772	1.000000e+00
772	773	1.965884e-09
773	774	1.000000e+00
773	-775	2.310350e-20
-773	-775	4.511569e-19
-773	806	2.451446e-22
-773	-808	4.088618e-20
-774	-1125	3.713103e-24
774	775	1.000000e+00
775	776	1.106740e-29
775	-787	8.587329e-23
775	-808	1.000000e+00
776	777	1.000000e+00
-776	809	1.000000e+00
777	778	1.000000e+00
778	779	1.000000e+00
778	810	1.410449e-30
778	-1058	2.981740e-28
-779	-787	1.233790e-26
779	780	1.000000e+00
-780	784	7.300127e-30
780	781	1.000000e+00
780	783	2.295557e-30
781	782	1.000000e+00
782	783	1.000000e+00
783	784	1.000000e+00
783	788	1.183583e-26
783	-793	1.368146e-30
784	785	1.000000e+00
784	-785	2.051112e-29
-785	-990	1.221772e-28
785	786	1.000000e+00
785	-990	1.866713e-27
-786	1147	2.101458e-23
786	787	1.000000e+00
786	-828	5.236458e-30
786	-1045	3.713118e-24
-787	829	5.236458e-30
787	788	9.999944e-01
788	789	1.000000e+00
789	790	1.000000e+00
789	791	1.379248e-30
790	791	1.000000e+00
790	-940	2.051107e-29
790	-941	1.257432e-15
-791	-945	2.006517e-18
791	792	1.000000e+00
792	793	1.000000e+00
793	794	1.000000e+00
-794	-808	1.050817e-26
794	795	1.000000e+00
795	796	1.000000e+00
796	797	1.000000e+00
796	798	1.340419e-30
796	1130	7.355740e-28
-797	1128	6.260162e-20
797	798	1.000000e+00
798	799	1.000000e+00
798	800	3.610619e-30
798	-806	1.341202e-30
-798	807	1.338581e-30
799	800	1.000000e+00
800	801	1.000000e+00
-801	1059	2.981654e-28
801	802	9.999972e-01
801	-802	4.623998e-20
802	803	9.999972e-01
802	-805	2.586409e-29
803	804	1.000000e+00
804	805	1.000000e+00
804	-982	1.706780e-20
805	806	1.000000e+00
806	807	1.000000e+00
-806	808	5.475786e-30
807	808	1.000000e+00
807	-808	3.908090e-21
808	809	1.106539e-29
809	810	1.000000e+00
810	811	1.000000e+00
811	812	1.000000e+00
812	813	1.000000e+00
813	814	1.000000e+00
814	815	1.000000e+00
815	816	1.000000e+00
815	972	5.057912e-16
-816	883	9.689865e-19
-816	1123	7.481444e-18
816	817	1.000000e+00
817	818	1.000000e+00
817	-826	1.091260e-20
-817	-1027	1.409356e-30
-818	827	1.091260e-20
818	819	1.000000e+00
819	820	1.000000e+00
819	821	2.295557e-30
820	821	1.000000e+00
821	822	1.000000e+00
821	-830	2.808043e-16
822	823	1.000000e+00
823	824	1.000000e+00
823	-830	1.069080e-18
-824	825	3.463475e-29
824	825	1.000000e+00
825	826	1.000000e+00
825	883	1.404078e-20
-825	951	2.101393e-23
826	827	1.000000e+00
827	828	1.000000e+00
827	829	3.128233e-29
-828	968	1.342462e-30
828	829	1.000000e+00
828	-830	5.533734e-20
828	-967	3.128233e-29
-829	830	2.809004e-29
829	830	1.000000e+00
830	-1126	2.247286e-18
-831	834	2.220423e-05
-831	838	6.906121e-12
-831	842	1.747833e-24
-831	-1029	9.761255e-24
-831	1154	1.494390e-16
831	832	1.000000e+00
831	-1154	1.313541e-15
832	833	1.000000e+00
833	834	1.322372e-02
833	1154	3.915532e-05
834	835	1.000000e+00
834	838	1.645706e-17
-834	835	4.031870e-17
-834	836	9.508204e-16
-834	838	2.668946e-07
835	836	1.000000e+00
835	837	2.583636e-29
-835	-841	6.632043e-30
-836	837	2.753221e-29
-836	-837	1.346186e-21
836	837	1.000000e+00
836	843	1.048227e-19
-837	838	2.609911e-15
837	838	9.864400e-01
837	-846	2.109688e-16
837	-1154	2.488122e-06
837	1163	2.076533e-21
838	839	1.000000e+00
838	-857	2.134108e-30
-839	858	1.651311e-30
839	840	1.000000e+00
840	841	1.000000e+00
840	1164	6.302790e-24
841	842	1.000000e+00
841	844	8.427968e-30
-842	847	1.262653e-21
842	843	9.999929e-01
843	844	1.000000e+00
-843	-1171	3.258479e-18
844	845	1.000000e+00
-844	-1154	4.993561e-17
845	846	9.999944e-01
846	847	1.000000e+00
846	849	1.161597e-27
846	851	3.440865e-29
-846	1028	1.243678e-26
847	848	1.000000e+00
847	-856	5.591158e-30
-848	-849	1.723772e-28
-848	858	5.549219e-30
848	849	1.000000e+00
849	850	1.000000e+00
849	-866	1.773455e-20
-849	857	5.510283e-30
-850	867	1.706780e-20
-850	1117	4.810991e-20
850	851	1.000000e+00
851	852	1.000000e+00
851	-853	1.342462e-30
-852	853	1.342462e-30
852	853	1.000000e+00
852	856	1.342462e-30
853	854	1.000000e+00
854	855	1.000000e+00
-854	-856	1.342462e-30
855	856	1.000000e+00
855	857	1.342462e-30
856	857	1.000000e+00
857	858	1.000000e+00
858	859	1.000000e+00
858	-860	1.342462e-30
859	860	1.000000e+00
859	861	1.342462e-30
-859	860	1.342462e-30
860	861	1.000000e+00
861	862	1.000000e+00
861	-865	8.276105e-23
862	863	1.000000e+00
862	864	1.342493e-30
-862	866	8.276105e-23
-863	-864	1.342493e-30
863	864	1.000000e+00
863	865	1.342462e-30
864	865	1.000000e+00
865	866	1.000000e+00
866	867	1.000000e+00
867	868	1.000000e+00
867	-1162	4.839611e-28
-868	1117	5.955471e-24
868	869	1.000000e+00
869	870	1.016413e-11
869	871	5.003361e-26
869	1162	9.999989e-01
-870	872	1.449263e-19
-870	-873	1.595364e-24
-870	-877	1.828366e-01
-870	959	1.688473e-24
-870	1159	1.856873e-02
870	871	1.000000e+00
870	-958	2.302527e-30
871	872	1.000000e+00
871	-877	1.449232e-19
872	873	7.978745e-12
872	-877	1.971327e-02
872	-1156	8.444088e-17
872	1158	2.993805e-07
872	1159	9.115125e-01
872	-1161	2.628465e-16
-873	878	9.999989e-01
873	874	1.000000e+00
874	875	1.000000e+00
875	876	1.000000e+00
876	877	1.000000e+00
877	878	1.016420e-11
878	879	1.000000e+00
879	880	1.000000e+00
879	881	2.168941e-27
880	881	1.000000e+00
881	882	1.000000e+00
882	-1155	3.320667e-22
-882	-1160	2.101408e-23
883	884	1.000000e+00
-883	884	6.194118e-20
-883	898	1.454598e-19
-883	-906	8.637245e-14
-883	-1067	8.490415e-11
884	-885	1.910048e-27
884	885	1.000000e+00
885	886	1.000000e+00
-885	895	1.910048e-27
886	887	1.000000e+00
887	888	1.000000e+00
887	-1120	3.167547e-29
888	889	1.000000e+00
888	1120	1.460154e-22
889	890	1.000000e+00
889	891	2.917579e-26
890	891	3.026963e-13
890	-896	9.999989e-01
-891	897	9.999989e-01
891	892	1.000000e+00
891	894	2.134123e-30
892	893	1.000000e+00
893	894	1.000000e+00
894	895	1.000000e+00
-894	1071	8.334917e-30
895	896	1.000000e+00
-896	-897	7.353410e-28
896	897	3.026654e-13
897	898	1.000000e+00
898	899	1.000000e+00
-898	962	2.981654e-28
899	900	1.000000e+00
899	901	2.134132e-30
899	-903	2.807220e-16
900	901	1.000000e+00
901	902	1.000000e+00
902	903	1.000000e+00
903	-1004	2.635839e-18
-903	-1121	6.396441e-24
904	905	1.000000e+00
-904	-921	1.687169e-14
-904	-945	8.345105e-01
-904	-981	3.499518e-16
905	906	1.000000e+00
906	907	1.000000e+00
-907	932	4.577880e-29
-907	946	1.746641e-28
907	908	1.000000e+00
907	909	2.295557e-30
908	909	1.000000e+00
909	910	1.000000e+00
909	911	2.295557e-30
910	911	1.000000e+00
911	912	1.000000e+00
912	913	1.000000e+00
913	914	1.000000e+00
913	916	2.295630e-30
914	915	1.000000e+00
914	-1068	2.295592e-30
-914	1069	2.295592e-30
915	916	1.000000e+00
916	917	1.000000e+00
-916	919	1.402223e-30
-916	920	1.405541e-30
917	918	1.000000e+00
917	922	2.481895e-23
918	919	1.000000e+00
919	920	1.000000e+00
920	921	1.000000e+00
920	949	2.981654e-28
-921	924	2.981654e-28
921	922	1.000000e+00
922	923	1.000000e+00
922	-941	5.490234e-12
923	924	1.000000e+00
924	925	1.000000e+00
925	926	1.000000e+00
925	927	1.342462e-30
-926	-927	1.342462e-30
926	927	1.000000e+00
926	-929	1.342464e-30
927	928	1.000000e+00
928	929	1.000000e+00
-928	930	1.342464e-30
929	930	1.000000e+00
930	931	1.000000e+00
931	-932	1.341538e-30
931	932	1.000000e+00
932	933	1.000000e+00
-932	-934	2.981868e-28
933	934	1.000000e+00
-933	935	2.981875e-28
934	935	1.000000e+00
935	936	1.000000e+00
936	-937	1.342462e-30
936	937	1.000000e+00
-937	938	1.342462e-30
937	938	1.000000e+00
-939	-944	7.070140e-04
939	940	1.000000e+00
939	941	1.342462e-30
-940	-941	8.229962e-17
940	941	1.000000e+00
940	-971	4.043087e-25
941	942	1.035726e-11
941	-942	5.542079e-20
941	-944	5.002329e-05
941	-971	6.696633e-11
941	-979	6.539398e-12
-942	-943	5.915840e-30
-942	943	1.000000e+00
-942	945	2.614460e-29
942	943	4.886445e-21
942	-944	1.034718e-21
942	963	2.310425e-29
942	-981	1.000000e+00
942	-1092	2.419726e-29
943	944	1.000000e+00
-943	-981	2.266654e-29
944	945	1.813417e-13
-944	970	6.540831e-21
945	946	2.729206e-15
-945	946	1.000000e+00
-945	981	5.915738e-30
946	947	1.000000e+00
946	-954	8.276105e-23
947	948	1.000000e+00
948	949	1.000000e+00
948	-962	5.232963e-30
948	972	6.258096e-20
-948	-968	1.131445e-18
-949	-951	1.342580e-30
949	950	1.000000e+00
950	951	1.000000e+00
950	973	2.922962e-26
951	952	1.000000e+00
951	970	4.131219e-15
-951	952	1.343714e-30
952	953	1.000000e+00
952	957	1.342462e-30
953	954	1.000000e+00
-953	959	3.167628e-29
954	955	1.000000e+00
955	956	1.000000e+00
-956	960	2.981654e-28
956	957	1.000000e+00
956	-958	3.167627e-29
957	958	1.000000e+00
958	959	1.000000e+00
958	970	2.477159e-15
959	960	1.000000e+00
-960	-981	4.591022e-30
960	961	1.000000e+00
961	962	1.000000e+00
962	963	1.000000e+00
962	978	1.846264e-21
963	964	1.000000e+00
963	-964	1.091277e-20
-964	965	1.091278e-20
964	965	1.000000e+00
965	966	1.000000e+00
965	967	2.298013e-30
966	-967	1.340044e-30
966	967	1.000000e+00
966	1021	1.399523e-22
-966	-1020	1.974157e-22
-967	968	1.340044e-30
967	968	1.000000e+00
968	-969	9.999991e-01
968	969	5.998526e-13
969	970	3.443123e-08
-969	-970	9.999955e-01
-969	974	8.771441e-13
-970	971	5.195192e-01
-970	972	2.195760e-15
970	971	9.505006e-08
-971	973	1.433778e-16
-971	-979	5.834583e-08
-971	979	2.293771e-16
971	972	9.999745e-01
-972	-973	1.279895e-24
972	973	7.997751e-18
972	-973	1.000000e+00
972	-974	1.889735e-18
973	974	4.075693e-17
-973	-974	9.999991e-01
-973	974	2.483695e-21
-973	975	3.103975e-14
-973	979	9.992187e-22
-974	975	4.695298e-14
-974	979	3.841073e-01
974	975	5.263098e-14
974	979	9.545708e-22
975	976	1.000000e+00
-975	980	9.999990e-01
976	977	1.000000e+00
977	978	1.000000e+00
978	-979	9.786039e-01
978	979	1.317585e-02
979	980	1.179819e-12
980	981	1.000000e+00
982	983	9.999971e-01
982	989	7.718041e-20
982	-996	4.509773e-28
-982	983	5.101423e-15
-982	989	5.965681e-18
-982	-1093	5.322803e-12
-982	-1156	7.287435e-14
-983	-989	2.365576e-23
983	984	1.000000e+00
983	-989	3.996218e-22
-984	-990	3.996234e-22
984	985	1.000000e+00
984	-991	1.072356e-26
985	986	1.000000e+00
986	987	1.000000e+00
986	988	2.295557e-30
987	988	1.000000e+00
988	989	9.999888e-01
988	-990	9.906895e-26
988	-991	1.208847e-11
-989	992	1.927662e-11
-989	-996	3.293331e-25
989	-990	1.000000e+00
989	990	1.440328e-25
990	991	1.440328e-25
-990	991	1.000000e+00
991	992	9.999944e-01
992	993	1.000000e+00
992	994	1.151001e-20
993	994	1.000000e+00
-994	995	1.831240e-27
994	-995	1.342462e-30
994	995	1.000000e+00
995	996	1.000000e+00
-995	996	1.342462e-30
996	-997	1.000000e+00
996	997	5.646713e-20
996	998	1.287880e-20
997	998	5.643140e-20
-997	998	1.000000e+00
998	999	2.982675e-09
999	1000	1.000000e+00
-999	-1001	4.906691e-21
-999	-1019	3.157309e-15
-999	1125	9.700121e-12
-999	-1132	9.999263e-01
-999	1133	6.363814e-20
1000	1001	1.000000e+00
1000	1002	1.342462e-30
1001	1002	1.000000e+00
1002	-1003	1.342462e-30
1002	1003	1.000000e+00
1003	1004	1.000000e+00
-1003	1004	1.342462e-30
1004	1005	1.000000e+00
1004	1008	1.342643e-30
1004	-1163	5.311495e-24
1005	1006	1.000000e+00
-1005	1011	1.344079e-30
-1005	1163	4.839573e-28
1006	1007	1.000000e+00
1006	-1137	1.408942e-30
-1007	-1019	2.845554e-22
1007	1008	1.338614e-30
1007	-1009	1.000000e+00
-1008	1009	1.342462e-30
-1008	1010	1.000000e+00
-1008	1134	1.341139e-30
1008	1009	1.000000e+00
1008	1010	1.342462e-30
1009	1010	1.338614e-30
-1010	-1133	1.341139e-30
1010	1011	1.000000e+00
1011	1012	1.000000e+00
1012	1013	1.000000e+00
1012	-1014	2.981654e-28
1013	1014	1.000000e+00
1014	1015	1.000000e+00
1015	1016	1.000000e+00
1015	-1017	1.346717e-30
1015	1017	7.473848e-28
1016	1017	1.000000e+00
1016	1018	7.473848e-28
-1016	-1017	7.473848e-28
-1016	1018	1.346717e-30
1017	1018	1.000000e+00
1018	1019	1.000000e+00
-1020	1021	9.999991e-01
-1020	-1036	2.926078e-26
-1020	1053	4.656640e-26
1020	1021	5.262884e-14
1020	-1030	5.710398e-25
1020	-1035	9.999990e-01
1021	1022	1.000000e+00
-1021	1023	1.459638e-18
-1021	1035	2.926078e-26
-1021	-1035	6.359262e-22
1022	1023	1.000000e+00
1022	1025	2.246320e-30
1022	1033	2.499365e-17
1023	1024	4.641544e-13
1023	-1025	9.999945e-01
1023	-1032	1.334544e-12
-1024	1026	9.999991e-01
-1024	1034	1.548460e-14
1024	1025	1.000000e+00
1025	1026	4.641546e-13
1025	-1052	4.423220e-18
-1025	1036	6.498948e-24
1026	1027	1.000000e+00
1026	-1027	2.981662e-28
1026	-1048	1.340011e-30
-1026	1043	4.418470e-18
-1027	-1028	2.981654e-28
-1027	1049	1.340011e-30
1027	1028	1.000000e+00
1027	-1029	3.714832e-29
1028	1029	1.000000e+00
-1028	1029	2.981662e-28
1029	1030	1.668750e-12
1029	-1030	1.000000e+00
1029	1031	1.621630e-14
1029	-1067	2.787005e-20
1030	1031	2.050602e-10
-1030	1031	1.603833e-11
-1030	-1033	9.967927e-01
-1030	-1035	1.112207e-18
1031	-1032	1.469657e-11
1031	1032	9.999798e-01
1031	1033	1.948665e-14
1031	1046	7.793689e-16
1032	-1033	1.538916e-16
1032	1033	9.998139e-01
1032	-1061	1.071564e-19
-1032	1033	3.424248e-14
1033	1034	2.598618e-13
1033	-1114	3.244318e-13
1034	1035	1.000000e+00
1034	1037	1.342462e-30
-1034	1036	9.999990e-01
-1034	1052	2.920753e-26
1035	1036	3.024407e-13
1036	1037	1.000000e+00
1037	1038	3.229068e-25
1037	-1039	1.000000e+00
1037	-1040	8.581243e-26
1038	1039	1.000000e+00
-1038	1054	1.000000e+00
1039	1040	1.086214e-25
1039	1041	9.826168e-26
1039	-1052	2.815653e-29
1039	-1053	5.869615e-26
1040	1041	1.000000e+00
-1040	1047	1.000000e+00
-1040	1054	2.511848e-30
1041	1042	1.000000e+00
1042	1043	1.000000e+00
1042	-1059	3.231950e-22
1043	1044	1.000000e+00
1044	1045	1.000000e+00
1044	-1046	1.846391e-21
1044	-1056	2.041371e-29
-1044	-1048	1.340013e-30
-1045	1046	1.091277e-20
1045	-1046	1.345369e-28
1045	1046	1.000000e+00
1045	1056	1.091364e-20
1046	1047	1.321204e-29
1046	1056	1.000000e+00
-1046	1047	3.445126e-29
-1046	-1060	5.481645e-25
1047	1048	1.000000e+00
1047	1049	1.338599e-30
1048	1049	1.000000e+00
1049	1050	1.000000e+00
1049	-1050	1.342462e-30
-1049	1064	1.338587e-30
1050	1051	1.000000e+00
-1050	1051	1.342462e-30
1051	1052	1.000000e+00
1051	-1053	1.342551e-30
1051	1057	5.227371e-30
-1052	-1055	1.342539e-30
1052	1053	1.000000e+00
-1053	-1057	1.132655e-18
1053	1054	3.383217e-30
1053	-1055	1.000000e+00
1054	1055	1.000000e+00
1054	1056	7.160762e-30
1055	1056	1.505111e-29
1056	1057	1.000000e+00
1057	1058	2.409938e-17
1057	-1060	9.999991e-01
-1058	1061	1.000000e+00
1058	1059	1.000000e+00
1059	1060	1.000000e+00
-1060	-1067	4.536301e-21
1060	1061	3.114513e-17
1061	1062	1.000000e+00
1062	1063	1.000000e+00
1063	1064	1.000000e+00
1063	-1065	1.342464e-30
-1063	1067	2.981700e-28
-1064	1066	1.342464e-30
1064	1065	1.000000e+00
1065	1066	1.000000e+00
1066	1067	1.000000e+00
1068	1069	1.000000e+00
-1068	1076	1.000000e+00
1069	1070	1.000000e+00
1070	1071	1.000000e+00
1071	1072	1.000000e+00
1071	1073	1.341176e-30
1072	-1073	5.575899e-25
1072	1073	1.000000e+00
-1073	1074	5.575849e-25
1073	-1074	5.821440e-21
1073	1074	1.000000e+00
1073	-1075	1.410829e-17
1073	1086	7.066373e-23
1074	1075	1.000000e+00
-1074	1075	5.821366e-21
-1074	-1086	7.066298e-23
1075	1076	8.566682e-24
1075	1081	5.254551e-20
1075	-1085	5.192639e-18
1075	1088	1.121304e-20
1076	1077	1.000000e+00
1076	-1078	1.846264e-21
1077	1078	1.000000e+00
-1077	1079	1.846264e-21
1078	1079	1.000000e+00
1079	1080	1.000000e+00
1080	1081	1.000000e+00
1081	1082	1.000000e+00
-1081	-1092	4.778114e-28
-1081	-1093	5.131360e-19
1082	1083	1.000000e+00
1082	-1093	3.358560e-20
-1083	1093	3.110867e-29
1083	1084	1.000000e+00
1083	1085	1.342462e-30
1083	-1086	1.341145e-30
1084	1085	1.000000e+00
1085	1086	1.000000e+00
1086	1087	1.000000e+00
1087	1088	1.000000e+00
1087	-1088	5.308596e-24
1088	1089	1.000000e+00
1089	1090	1.000000e+00
1089	-1090	2.295557e-30
1090	1091	1.000000e+00
-1090	1091	2.295557e-30
1091	1092	1.000000e+00
1092	1093	1.000000e+00
1093	-1153	1.947035e-10
1094	1095	1.000000e+00
1094	-1103	3.340279e-12
-1094	1104	1.000000e+00
-1095	-1114	9.506190e-20
1095	1096	1.000000e+00
1096	1097	1.000000e+00
1096	-1101	1.846297e-21
1097	1098	1.000000e+00
1097	-1103	4.289754e-11
-1097	1098	1.846324e-21
1098	1099	1.000000e+00
1098	-1103	4.391299e-20
1099	1100	1.000000e+00
-1100	1101	2.041379e-29
1100	1101	1.000000e+00
1101	1102	1.000000e+00
1102	1103	1.000000e+00
1103	1104	7.002205e-20
1103	1107	9.181789e-16
1103	1154	1.053756e-10
1104	1105	1.000000e+00
1105	1106	1.000000e+00
1105	-1106	2.140348e-30
1106	1107	1.000000e+00
-1106	-1107	1.342462e-30
1107	1108	1.000000e+00
-1107	1108	2.140334e-30
-1107	-1112	2.140623e-30
1108	1109	1.000000e+00
1108	1113	6.506315e-30
1109	1110	1.000000e+00
1110	1111	1.000000e+00
1111	1112	1.000000e+00
1112	1113	1.000000e+00
1112	1114	3.167547e-29
1113	1114	1.000000e+00
1113	-1114	2.810045e-25
1115	1116	1.000000e+00
1115	-1117	1.065223e-15
1115	-1122	8.334716e-24
-1115	1120	2.374373e-13
-1115	-1127	2.147960e-10
-1115	1127	6.401623e-15
-1115	1181	7.924768e-19
1116	-1117	3.097260e-15
1116	1117	1.000000e+00
-1116	1118	1.046271e-15
1117	1118	9.999770e-01
1118	1119	1.000000e+00
1118	1128	4.047334e-25
1119	1120	9.998822e-01
1119	-1120	7.510665e-24
1119	-1121	2.421041e-22
1119	1125	1.700655e-11
-1120	1121	7.030687e-24
-1120	-1124	1.776733e-18
-1120	1125	4.657122e-14
1120	1121	1.000000e+00
1121	1122	1.000000e+00
1121	1127	1.538556e-19
-1122	1125	9.977020e-24
1122	1123	9.998901e-01
1123	1124	1.000000e+00
1124	1125	9.999745e-01
1124	-1131	4.715575e-07
1125	1126	1.000000e+00
1126	1127	1.000000e+00
1126	1128	1.700289e-15
1126	-1131	2.299330e-15
-1127	-1154	1.231881e-15
-1127	-1180	6.037370e-24
1127	1128	9.999754e-01
1127	-1162	4.054627e-20
1128	1129	1.000000e+00
1128	1163	3.133808e-28
-1128	1129	4.054552e-20
-1128	-1129	6.261487e-20
-1129	1130	4.839601e-28
1129	1130	1.000000e+00
1130	1131	1.000000e+00
1130	1132	4.418432e-18
1131	1132	2.351132e-07
-1132	-1133	1.200637e-25
-1132	1133	9.999941e-01
1132	1133	6.351159e-11
1132	1134	4.580536e-19
-1133	1134	1.200641e-25
1133	1134	1.000000e+00
1133	-1148	1.910129e-27
1134	-1135	1.342462e-30
1134	1135	1.000000e+00
1135	1136	1.000000e+00
-1135	1136	1.342462e-30
1136	1137	1.000000e+00
1136	-1138	2.981654e-28
-1137	1139	2.981654e-28
1137	1138	1.000000e+00
1137	1175	2.981809e-28
-1138	1140	9.974611e-27
1138	1139	1.000000e+00
-1139	1140	8.814284e-27
1139	1140	1.000000e+00
-1140	-1144	3.621446e-27
1140	1141	1.000000e+00
1141	1142	9.999944e-01
1142	-1143	1.111771e-08
1142	1143	9.997890e-01
1142	1144	1.220915e-19
1142	-1146	1.167257e-23
1143	1144	9.995617e-01
-1143	1144	3.513847e-08
1144	1145	1.000000e+00
-1144	-1148	5.071730e-25
1145	1146	1.000000e+00
1146	1147	1.000000e+00
1146	-1150	5.311622e-24
1146	-1153	4.515440e-19
1147	1148	1.000000e+00
1148	1149	1.000000e+00
1149	1150	1.000000e+00
1149	-1150	1.342645e-30
1149	1151	1.342645e-30
-1149	-1153	4.114392e-23
-1150	1151	3.167596e-29
1150	1151	1.000000e+00
1151	1152	1.000000e+00
1152	1153	1.000000e+00
-1154	1157	1.104762e-21
1154	1155	4.542822e-02
1155	1156	1.000000e+00
-1155	1156	1.467005e-16
-1155	1159	1.718085e-08
-1155	-1159	2.124072e-15
-1155	-1161	4.065765e-11
1156	1157	9.988125e-01
1156	1158	3.414220e-09
-1156	1158	4.542889e-20
-1157	-1161	1.187465e-03
1157	-1158	9.999992e-01
1157	1158	1.354884e-08
1157	1159	6.628472e-13
1157	-1159	1.399620e-22
-1158	-1161	9.171668e-06
-1158	-1183	4.660633e-06
1158	1159	1.915117e-12
1158	-1161	3.406930e-20
-1159	1160	5.314654e-16
1159	1160	1.000000e+00
1160	1161	1.000000e+00
1160	-1161	1.111875e-24
1161	1162	8.800716e-12
1162	1163	1.000000e+00
1163	1164	1.000000e+00
1164	1165	1.000000e+00
1164	1166	8.276105e-23
1165	1166	1.000000e+00
1166	1167	1.000000e+00
1166	1168	1.340088e-30
1167	1168	1.000000e+00
1167	-1171	5.093987e-22
1168	1169	1.000000e+00
1169	1170	1.000000e+00
1170	1171	1.000000e+00
1172	1173	1.000000e+00
1173	1174	1.000000e+00
1173	1175	1.428660e-30
1174	1175	1.000000e+00
1174	-1183	6.706091e-19
-1175	1177	1.424245e-30
1175	1176	9.999944e-01
1176	1177	1.000000e+00
1177	1178	1.000000e+00
1177	-1180	7.353410e-28
1178	1179	1.000000e+00
-1178	-1181	3.713103e-24
1179	1180	1.000000e+00
1180	1181	1.000000e+00
-1181	1182	9.157308e-24
1181	1182	1.000000e+00
1181	1183	6.450234e-20
1182	1183	1.000000e+00
