0	1	9.999675e-01
0	-1	5.403791e-22
0	-2	4.752374e-29
0	2	5.403791e-22
0	3	4.752374e-29
0	-6	5.403810e-22
0	7	5.403810e-22
0	-9	5.403791e-22
0	-10	4.752374e-29
0	10	5.403791e-22
0	11	4.752374e-29
0	-13	4.752374e-29
0	14	4.752374e-29
0	-14	4.752374e-29
0	-16	4.752374e-29
0	17	4.752374e-29
0	-17	5.403807e-22
0	-18	4.752388e-29
0	18	5.403807e-22
0	-19	5.403791e-22
0	20	5.403791e-22
0	-20	4.215732e-12
0	-21	4.752388e-29
0	21	4.215732e-12
0	22	4.752388e-29
0	-22	5.403791e-22
0	23	5.403791e-22
0	-24	1.207393e-28
0	-25	4.752374e-29
0	25	1.207393e-28
0	26	4.752374e-29
0	-27	4.752374e-29
0	31	3.052449e-28
0	-34	5.403810e-22
0	35	5.403810e-22
0	-36	5.403920e-22
0	37	5.403917e-22
0	-58	2.422608e-23
0	59	2.422608e-23
0	61	1.439113e-18
0	63	8.268383e-12
0	-70	1.207381e-28
0	71	1.207393e-28
0	-73	5.403791e-22
0	74	5.403791e-22
0	-76	5.403791e-22
0	77	5.403791e-22
0	-79	5.403976e-22
0	80	5.403976e-22
0	81	1.372879e-21
0	-83	4.752374e-29
0	-85	2.422714e-23
0	92	3.052458e-28
0	-102	4.752374e-29
0	-103	2.422601e-23
0	103	4.752374e-29
0	-104	2.574553e-20
0	105	2.574553e-20
0	107	3.484295e-06
0	108	9.975473e-01
0	110	2.422601e-23
0	-114	2.132833e-31
0	-121	1.499511e-02
0	122	9.994980e-01
0	123	1.890180e-20
0	131	2.779409e-20
0	-135	2.890328e-28
0	136	2.890328e-28
0	137	2.890393e-28
0	-142	2.132833e-31
0	149	2.132833e-31
0	-154	5.403791e-22
0	155	5.403791e-22
0	-159	4.752374e-29
0	159	2.379608e-18
0	-164	4.752374e-29
0	165	4.752374e-29
0	168	5.403791e-22
0	-176	1.796450e-19
0	177	2.342231e-14
0	-179	5.403913e-22
0	180	5.403917e-22
0	-184	4.629904e-20
0	185	4.629904e-20
0	-188	4.752574e-29
0	-190	2.777135e-28
0	191	2.128280e-31
0	196	5.403791e-22
0	197	4.629929e-20
0	200	3.451337e-20
0	201	1.269933e-19
0	-204	1.433384e-21
0	209	3.648630e-31
0	-211	1.273757e-28
0	-213	5.403791e-22
0	214	5.403791e-22
0	-227	4.752374e-29
0	-228	4.752374e-29
0	229	4.752374e-29
0	230	2.890328e-28
0	-230	4.752388e-29
0	-236	4.752374e-29
0	237	4.752374e-29
0	-237	4.752374e-29
0	238	4.752374e-29
0	-240	4.752374e-29
0	-243	5.403920e-22
0	244	5.403913e-22
0	-245	9.997334e-01
0	246	5.407933e-22
0	-254	4.752481e-29
0	255	4.752484e-29
0	256	2.131641e-31
0	-257	8.969572e-20
0	-262	2.132833e-31
0	271	4.752484e-29
0	274	1.890226e-20
0	-281	3.052531e-28
0	286	1.111657e-20
0	-294	5.403791e-22
0	294	8.087179e-23
0	295	5.403791e-22
0	-295	5.403791e-22
0	296	5.403791e-22
0	-299	5.403791e-22
0	300	5.403791e-22
0	-300	2.132833e-31
0	-301	2.132833e-31
0	-303	4.752374e-29
0	-304	4.752374e-29
0	-306	1.479439e-03
0	307	2.308134e-03
0	-310	1.373902e-21
0	-317	4.752374e-29
0	318	4.752374e-29
0	-320	2.890463e-28
0	321	2.890500e-28
0	-321	4.161330e-20
0	325	5.403807e-22
0	-325	5.403936e-22
0	-326	5.403922e-22
0	327	5.403936e-22
0	-329	5.403791e-22
0	330	5.403791e-22
0	-331	5.403791e-22
0	332	5.403791e-22
0	-335	5.403810e-22
0	335	5.403810e-22
0	336	5.403807e-22
0	-338	5.403791e-22
0	339	5.403791e-22
0	-341	5.403810e-22
0	342	5.403807e-22
0	-343	4.752388e-29
0	-345	1.157562e-19
0	346	2.569576e-11
0	-347	5.407764e-22
0	348	5.407764e-22
0	-349	4.752388e-29
0	-352	2.429458e-23
0	353	2.429092e-23
0	354	4.752374e-29
0	-356	5.403791e-22
0	357	5.403791e-22
0	362	6.167587e-23
0	-364	1.634360e-13
0	-365	5.007874e-29
0	365	9.997371e-01
0	367	4.752374e-29
0	-368	1.234189e-21
0	368	4.752374e-29
0	-370	4.752374e-29
0	371	4.752374e-29
0	-374	1.473053e-21
0	-376	4.752388e-29
0	377	4.752388e-29
0	378	4.752374e-29
0	-380	4.752374e-29
0	-390	4.752374e-29
0	391	4.752374e-29
0	-393	4.215744e-12
0	394	1.890186e-20
0	-396	4.752374e-29
0	398	4.752374e-29
0	399	4.752374e-29
0	-400	5.403913e-22
0	401	5.403920e-22
0	-409	4.752374e-29
0	410	4.752374e-29
0	-414	1.890162e-20
0	415	4.215732e-12
0	-422	5.403791e-22
0	423	5.403791e-22
0	-423	4.752374e-29
0	424	4.752374e-29
0	-427	5.403807e-22
0	428	5.403810e-22
0	-445	5.407764e-22
0	446	5.407764e-22
0	-446	1.890162e-20
0	454	4.752374e-29
0	-454	4.215732e-12
0	455	1.356561e-20
0	-460	5.403791e-22
0	-461	1.631792e-13
0	461	5.403791e-22
0	462	9.999973e-01
0	-465	4.752388e-29
0	-466	4.752388e-29
0	466	4.752388e-29
0	-467	4.630235e-20
0	467	4.752388e-29
0	468	3.451478e-20
0	-471	4.752374e-29
0	472	4.752374e-29
0	-476	4.752537e-29
0	477	4.752414e-29
0	-486	5.008060e-29
0	487	5.007992e-29
0	495	4.752374e-29
0	-495	4.752374e-29
0	496	4.752374e-29
0	-496	4.752374e-29
0	-497	5.403791e-22
0	497	4.752374e-29
0	498	5.403791e-22
0	-498	4.752374e-29
0	499	4.752374e-29
0	-499	4.752481e-29
0	500	4.752489e-29
0	-500	4.752374e-29
0	501	4.752374e-29
0	-503	1.356561e-20
0	-504	4.752374e-29
0	504	4.215732e-12
0	505	4.752374e-29
0	506	2.890328e-28
0	-509	5.007813e-29
0	515	4.752374e-29
0	-521	4.752374e-29
0	522	4.752374e-29
0	524	4.752374e-29
0	-547	5.403913e-22
0	548	5.403913e-22
0	-550	4.752374e-29
0	552	4.752388e-29
0	-570	6.108831e-21
0	570	6.541100e-20
0	571	6.031707e-21
0	-572	4.215732e-12
0	573	4.215732e-12
0	-573	1.423235e-11
0	-574	9.269073e-02
0	575	3.018822e-02
0	-576	4.752374e-29
0	-577	4.752962e-29
0	577	4.752374e-29
0	578	4.753241e-29
0	-578	5.403791e-22
0	579	5.403791e-22
0	-579	5.403807e-22
0	-580	5.403791e-22
0	580	5.403807e-22
0	-583	5.407781e-22
0	584	5.407781e-22
0	-585	5.403791e-22
0	586	5.403791e-22
0	-595	1.372939e-21
0	596	1.372923e-21
0	-597	3.957398e-19
0	-599	2.931030e-12
0	-600	4.217245e-12
0	600	6.046638e-18
0	601	4.217497e-12
0	-603	5.403807e-22
0	604	5.403807e-22
0	-615	6.028429e-09
0	-616	5.403791e-22
0	616	9.014657e-12
0	617	5.403791e-22
0	-617	4.752374e-29
0	618	4.752374e-29
0	623	2.890437e-28
0	-638	2.574553e-20
0	639	2.379608e-18
0	-642	4.752374e-29
0	643	4.752374e-29
0	-647	9.177832e-12
0	648	9.177804e-12
0	-649	5.403791e-22
0	649	4.752374e-29
0	650	5.403791e-22
0	-658	4.752374e-29
0	659	4.752374e-29
0	-664	4.752374e-29
0	665	4.752374e-29
0	-670	4.452209e-12
0	-671	4.752374e-29
0	671	4.452209e-12
0	-672	5.403791e-22
0	673	5.403791e-22
0	674	2.132833e-31
0	677	2.779409e-20
0	-680	5.407764e-22
0	681	5.407764e-22
0	-684	9.997412e-01
0	685	1.192669e-02
0	686	5.403791e-22
0	-688	1.433361e-19
0	-689	1.342978e-19
0	691	5.971507e-12
0	692	3.052458e-28
0	-692	2.574553e-20
0	693	2.574553e-20
0	695	2.422601e-23
0	-697	1.356561e-20
0	-708	4.752388e-29
0	709	4.752391e-29
0	710	4.752388e-29
0	711	2.890411e-28
0	-712	6.158186e-03
0	713	9.972520e-01
0	-714	4.733369e-13
0	-716	4.736053e-13
0	-717	4.752374e-29
0	-718	4.753009e-29
0	718	4.752374e-29
0	-721	5.403791e-22
0	-727	4.752374e-29
0	-730	2.132833e-31
0	731	2.132833e-31
0	-734	5.403791e-22
0	-735	4.998557e-20
0	735	5.403791e-22
0	-738	5.403791e-22
0	739	5.403791e-22
0	-742	5.403791e-22
0	-743	5.403791e-22
0	743	5.403791e-22
0	744	5.403791e-22
0	749	2.422659e-23
0	-755	4.215732e-12
0	756	1.890180e-20
0	-756	1.890199e-20
0	-757	5.403791e-22
0	757	1.890199e-20
0	761	5.403791e-22
0	-762	5.403791e-22
0	-763	4.752374e-29
0	763	5.403791e-22
0	764	4.752374e-29
0	767	5.403791e-22
0	768	2.132833e-31
0	-769	4.629929e-20
0	-770	5.403791e-22
0	770	4.998288e-20
0	-771	1.241315e-02
0	771	5.403791e-22
0	772	9.999907e-01
0	-772	1.119462e-11
0	-773	3.349689e-20
0	774	8.968848e-20
0	-775	1.356604e-20
0	775	4.223692e-10
0	776	1.356569e-20
0	777	5.403976e-22
0	-777	4.752374e-29
0	778	4.752374e-29
0	-779	5.403791e-22
0	780	5.403791e-22
0	-785	4.752374e-29
0	786	4.752374e-29
0	-788	4.752374e-29
0	789	4.752374e-29
0	-794	5.007874e-29
0	794	4.752501e-29
0	-797	4.752374e-29
0	798	4.752374e-29
0	-799	6.046206e-09
0	800	6.030050e-09
0	-802	2.890446e-28
0	803	2.890446e-28
0	-804	2.661758e-08
0	805	2.044930e-10
0	-808	4.752374e-29
0	809	4.752374e-29
0	-810	4.752374e-29
0	-811	4.752568e-29
0	812	4.752574e-29
0	-813	5.404102e-22
0	-814	5.403974e-22
0	-824	1.890223e-20
0	825	1.517629e-20
0	-831	1.517710e-20
0	833	1.890351e-20
0	-839	4.752374e-29
0	-841	2.890393e-28
0	842	2.890430e-28
0	-848	5.407765e-22
0	849	5.407764e-22
0	-851	4.752374e-29
0	852	4.752374e-29
0	-858	4.752374e-29
0	859	4.752374e-29
0	-860	4.752374e-29
0	861	4.752374e-29
0	-861	4.752374e-29
0	862	4.752374e-29
0	-863	2.890401e-28
0	-864	2.132833e-31
0	864	2.890365e-28
0	-867	4.752374e-29
0	868	4.752374e-29
0	-870	2.569599e-11
0	871	1.010261e-11
0	-872	1.117078e-28
0	-873	2.890500e-28
0	873	2.890328e-28
0	874	2.890463e-28
0	-874	8.998490e-11
0	875	8.998490e-11
0	-876	9.999972e-01
0	877	9.995013e-01
0	-883	4.752374e-29
0	884	4.752374e-29
0	-885	5.407764e-22
0	886	5.407764e-22
0	-897	4.752374e-29
0	902	4.752374e-29
0	903	4.629890e-20
0	-905	4.215732e-12
0	906	1.890181e-20
0	-906	2.779386e-20
0	-908	5.007934e-29
0	908	9.978162e-01
0	-911	5.007934e-29
0	-912	4.752374e-29
0	912	5.007934e-29
0	913	4.752374e-29
0	-913	5.403791e-22
0	914	5.403791e-22
0	-919	5.007934e-29
0	920	5.007874e-29
0	-923	4.629890e-20
0	924	4.998338e-20
0	-924	5.403791e-22
0	925	5.403791e-22
0	-926	5.403807e-22
0	929	2.422601e-23
0	-932	4.752374e-29
0	-935	4.752374e-29
0	936	4.752374e-29
0	-940	4.752374e-29
0	941	4.752374e-29
0	-944	9.995412e-01
0	945	2.128317e-31
0	-949	4.752374e-29
0	950	4.752374e-29
0	-959	4.243102e-31
0	-961	1.372879e-21
0	962	1.372906e-21
0	975	1.177812e-07
0	-977	4.752568e-29
0	978	4.752574e-29
0	980	7.615361e-09
0	-982	1.178226e-07
0	983	3.140860e-11
0	-985	6.877663e-03
0	-990	4.752374e-29
0	991	4.752374e-29
0	-992	5.404053e-22
0	993	5.404012e-22
0	-993	4.752374e-29
0	994	4.752374e-29
0	-996	5.403791e-22
0	997	5.403791e-22
0	-1006	4.752388e-29
0	1007	4.752388e-29
0	-1009	9.996766e-01
0	1010	1.056997e-02
0	1011	2.422601e-23
0	1013	4.752388e-29
0	-1013	4.652254e-28
0	-1015	2.132885e-31
0	-1019	1.356592e-20
0	1020	1.356592e-20
0	-1020	1.192800e-28
0	1021	2.890364e-28
0	-1021	4.752374e-29
0	1022	4.752374e-29
0	-1024	7.570830e-20
0	-1026	5.407764e-22
0	1027	5.407764e-22
0	1028	1.111681e-20
0	1029	4.731716e-13
0	1031	1.710816e-11
0	1033	5.538554e-01
0	-1034	4.630639e-20
0	-1037	4.630581e-20
0	-1051	2.132833e-31
0	1052	2.132833e-31
0	1053	3.529410e-11
0	1056	4.752489e-29
0	1058	4.752388e-29
0	1059	4.752374e-29
0	-1060	5.403791e-22
0	-1061	4.752374e-29
0	-1065	4.752374e-29
0	-1067	3.052449e-28
0	-1070	5.403791e-22
0	-1071	1.993470e-01
0	1072	9.999955e-01
0	-1072	1.356566e-20
0	1073	1.356565e-20
0	-1073	1.890168e-20
0	1074	1.890206e-20
0	-1076	4.752374e-29
0	1077	4.752374e-29
0	-1079	5.403913e-22
0	1079	4.752579e-29
0	1080	5.403917e-22
0	-1081	4.752374e-29
0	1087	4.752388e-29
0	-1087	4.215830e-12
0	1088	4.215827e-12
0	-1090	4.752374e-29
0	1091	4.752374e-29
0	-1095	4.752374e-29
0	-1097	4.752374e-29
0	1098	4.752374e-29
0	-1098	4.752374e-29
0	1099	4.752374e-29
0	-1108	4.752374e-29
0	-1109	1.890162e-20
0	1110	4.215732e-12
0	-1110	1.890168e-20
0	1111	4.215744e-12
0	1114	5.403791e-22
0	-1115	2.132833e-31
0	1116	2.132833e-31
0	-1118	4.752374e-29
0	1119	4.752374e-29
0	-1131	4.629904e-20
0	1132	4.998303e-20
0	-1134	1.356561e-20
0	1135	1.356561e-20
0	1140	8.076967e-23
0	-1143	8.479276e-20
0	1144	2.574528e-20
0	-1144	1.207396e-28
0	1145	1.207384e-28
0	-1150	5.410005e-22
0	-1151	5.403807e-22
0	-1152	9.995814e-01
0	1152	5.403807e-22
0	1153	9.999513e-01
0	-1154	5.407764e-22
0	1155	5.407764e-22
0	-1155	2.685753e-03
0	-1157	4.752374e-29
0	-1158	1.356618e-20
0	-1160	1.778614e-11
0	-1161	4.629904e-20
0	1162	3.451348e-20
0	-1163	1.078874e-11
0	1164	9.178152e-12
0	-1171	8.221151e-22
0	1171	7.229896e-29
0	1172	1.372897e-21
0	-1174	2.707755e-11
0	-1178	4.215974e-12
0	1179	4.215986e-12
0	1180	2.422683e-23
0	-1181	5.407781e-22
0	-1182	5.403984e-22
0	1182	5.407781e-22
0	1183	5.403977e-22
0	-1183	5.407887e-22
0	1184	5.407893e-22
0	-1184	3.052520e-28
0	1185	1.273786e-28
0	-1186	3.451415e-20
0	1187	5.407890e-22
0	-1207	4.752374e-29
0	-1208	2.890364e-28
0	1208	4.752374e-29
0	1209	2.890364e-28
0	-1210	4.752374e-29
0	1211	4.752374e-29
0	-1215	4.752374e-29
0	1216	4.752374e-29
0	-1216	2.890328e-28
0	1217	2.890328e-28
0	-1218	5.403791e-22
0	-1219	5.403791e-22
0	1219	5.403791e-22
0	1220	5.403791e-22
0	-1221	4.752374e-29
0	-1222	4.752382e-29
0	1222	4.752374e-29
0	-1223	4.752568e-29
0	1223	4.752374e-29
0	1224	4.752568e-29
0	-1224	4.752568e-29
0	-1225	4.752537e-29
0	1225	4.797428e-29
0	-1227	4.752374e-29
0	1227	2.574616e-20
0	1228	4.752374e-29
0	-1228	9.999972e-01
0	-1229	3.648630e-31
0	1229	4.144513e-03
0	1239	2.132833e-31
0	-1239	5.007934e-29
0	-1250	2.422601e-23
0	-1256	4.752374e-29
0	1268	2.422601e-23
0	-1270	3.052449e-28
0	1271	5.007934e-29
0	-1276	9.991331e-01
0	1277	6.616759e-28
0	-1277	8.737858e-11
0	1282	2.574858e-20
0	-1288	4.752374e-29
0	1289	4.752374e-29
0	-1301	4.998288e-20
0	1302	4.998288e-20
0	-1303	4.752374e-29
0	-1304	5.403791e-22
0	1305	5.403791e-22
0	-1319	4.752374e-29
0	-1320	4.752388e-29
0	-1321	4.752374e-29
0	1322	4.752374e-29
0	-1323	4.752374e-29
0	1324	4.752374e-29
0	-1328	9.999968e-01
0	-1329	4.215904e-12
0	1329	1.631884e-13
0	1330	4.215909e-12
0	-1331	2.890401e-28
0	-1332	1.219303e-02
0	1332	2.890364e-28
0	-1336	5.939977e-03
0	-1345	4.752374e-29
0	1346	4.752374e-29
0	-1347	4.752374e-29
0	1347	2.422601e-23
0	-1350	4.752374e-29
0	1351	4.752374e-29
0	-1353	4.752374e-29
0	-1355	4.752388e-29
0	-1356	4.752374e-29
0	1358	5.403791e-22
0	1360	1.356561e-20
0	-1361	4.752537e-29
0	1362	4.752537e-29
0	1367	2.254215e-11
0	-1368	6.469586e-12
0	1369	9.177752e-12
0	-1375	5.403791e-22
0	-1380	2.701308e-22
0	1381	9.996899e-01
0	1383	5.403791e-22
0	1385	5.007935e-29
0	-1389	2.132906e-31
0	1405	5.501337e-12
0	-1412	2.132833e-31
0	-1417	4.752374e-29
0	-1418	4.752374e-29
0	1418	4.752374e-29
0	1419	4.752374e-29
0	1420	4.752374e-29
0	-1420	4.752374e-29
0	1421	4.752374e-29
0	-1422	2.890328e-28
0	1422	4.752374e-29
0	-1423	2.890328e-28
0	1423	2.890328e-28
0	1424	2.890328e-28
0	-1424	4.752374e-29
0	1425	4.752374e-29
0	-1425	2.890328e-28
0	-1426	4.752374e-29
0	1426	2.890328e-28
0	-1427	9.999955e-01
0	1427	4.752374e-29
0	1428	1.072601e-13
0	-1432	4.731812e-13
0	-1433	4.752388e-29
0	-1434	4.731809e-13
0	-1438	1.917584e-20
0	1439	2.620437e-05
0	-1440	9.616979e-21
0	1441	7.521540e-01
0	-1441	7.881312e-11
0	-1445	4.752374e-29
0	-1447	6.344735e-21
0	-1450	5.821548e-21
0	-1452	5.403791e-22
0	-1453	1.372879e-21
0	1453	5.403791e-22
0	-1454	4.752374e-29
0	1454	1.372879e-21
0	1455	4.752374e-29
0	-1469	7.229988e-29
0	-1476	5.403791e-22
0	1477	5.403791e-22
0	-1481	4.752374e-29
0	-1482	4.752374e-29
0	-1484	4.752374e-29
0	1485	4.752374e-29
0	-1486	4.752481e-29
0	-1487	9.999925e-01
0	1488	2.128257e-31
0	-1488	5.008045e-29
0	1489	5.008045e-29
0	-1491	3.728514e-20
0	1492	2.890328e-28
0	-1493	5.403791e-22
0	1494	5.403791e-22
0	-1496	4.998337e-20
0	1497	4.998288e-20
0	-1501	9.993223e-01
0	1519	4.752374e-29
0	1520	4.752537e-29
0	1521	3.052554e-28
0	-1524	4.752374e-29
0	1525	4.752374e-29
0	-1525	5.407764e-22
0	-1526	9.996908e-01
0	1527	2.128317e-31
0	1533	2.128280e-31
0	-1535	5.403791e-22
0	1536	5.403791e-22
0	-1536	5.403807e-22
0	1537	5.403807e-22
0	1538	5.403791e-22
0	-1542	4.752374e-29
0	1543	4.752374e-29
0	-1545	2.422601e-23
0	-1549	4.752374e-29
0	1550	4.752374e-29
0	-1553	4.752374e-29
0	1554	4.752374e-29
0	-1554	2.890364e-28
0	1555	3.728514e-20
0	-1556	9.999925e-01
0	-1557	1.356561e-20
0	1557	9.997035e-01
0	-1558	4.752374e-29
0	1558	1.356561e-20
0	1559	4.752374e-29
0	-1559	4.752374e-29
0	-1561	6.469789e-12
0	-1562	4.752374e-29
0	-1563	4.752374e-29
0	1563	4.752374e-29
0	-1564	7.125205e-12
0	1564	4.752374e-29
0	-1565	2.890500e-28
0	1565	6.036637e-09
0	1566	1.117162e-28
0	-1567	6.469738e-12
0	1568	6.028429e-09
0	-1568	4.752374e-29
0	-1569	6.470355e-12
0	1569	4.752374e-29
0	1571	4.752374e-29
0	-1572	6.469738e-12
0	-1574	2.890328e-28
0	-1576	9.425550e-03
0	1577	4.731719e-13
0	1578	4.731717e-13
0	1583	4.752607e-29
0	-1589	4.215744e-12
0	1590	4.215744e-12
0	-1591	7.996607e-18
0	-1595	5.403913e-22
0	-1596	2.779480e-20
0	1596	5.403913e-22
0	1597	2.574615e-20
0	1599	5.008215e-29
0	-1601	2.890430e-28
0	1602	2.890466e-28
0	-1603	4.752527e-29
0	-1604	9.996477e-01
0	1605	9.999099e-01
0	-1616	2.132833e-31
0	-1622	2.779409e-20
0	-1629	1.117127e-28
0	1630	2.890434e-28
0	-1630	4.752374e-29
0	1631	4.752374e-29
0	-1632	4.752374e-29
0	1633	4.752374e-29
0	-1633	9.999993e-01
0	1634	2.701329e-22
0	-1635	4.752537e-29
0	1636	4.752527e-29
0	-1638	4.215732e-12
0	1639	4.215732e-12
0	-1639	4.752374e-29
0	1640	4.752374e-29
0	-1641	5.007935e-29
0	-1645	4.752481e-29
0	1646	4.752484e-29
0	-1646	9.996348e-01
1	2	1.000000e+00
-1	25	1.706596e-21
-1	365	3.248123e-15
-1	-1032	8.127777e-08
-1	-1576	1.980261e-06
-1	-1604	4.864816e-11
2	3	1.000000e+00
3	4	1.000000e+00
3	5	3.648630e-31
4	5	1.000000e+00
4	-1427	4.507326e-22
5	6	1.000000e+00
6	7	1.000000e+00
6	-34	3.413635e-30
-6	1586	2.722751e-23
7	8	1.000000e+00
7	-8	2.128278e-31
-7	35	3.413647e-30
8	9	1.000000e+00
9	10	1.000000e+00
10	11	1.000000e+00
11	12	1.000000e+00
12	13	1.000000e+00
12	-1501	1.394349e-20
13	14	1.000000e+00
14	15	1.000000e+00
-15	19	4.752381e-29
15	16	1.000000e+00
16	17	1.000000e+00
-16	37	8.983746e-31
-16	1278	6.859801e-30
17	18	1.000000e+00
18	19	1.000000e+00
19	20	1.000000e+00
20	21	9.999959e-01
21	22	1.000000e+00
22	23	1.000000e+00
23	-24	2.424513e-23
23	24	1.000000e+00
-24	25	2.424513e-23
24	25	1.000000e+00
24	1405	5.282764e-25
25	26	1.000000e+00
25	-36	8.763464e-31
26	27	1.000000e+00
26	-29	3.052449e-28
27	28	1.000000e+00
-27	-951	3.052449e-28
-28	-995	4.752381e-29
28	29	1.000000e+00
29	30	1.000000e+00
29	31	2.134302e-31
-30	-176	1.204184e-23
30	31	1.000000e+00
30	426	3.052449e-28
31	32	1.000000e+00
31	33	2.132833e-31
-32	-33	2.132833e-31
32	33	1.000000e+00
32	-35	2.132833e-31
33	34	1.000000e+00
33	35	8.311836e-31
-34	36	2.132833e-31
34	35	1.000000e+00
35	36	1.000000e+00
36	37	1.000000e+00
37	38	1.000000e+00
37	39	3.648630e-31
38	39	1.000000e+00
38	41	2.132870e-31
38	1130	3.648631e-31
-38	-1129	3.648630e-31
39	40	1.000000e+00
40	41	1.000000e+00
41	42	1.000000e+00
41	43	3.648630e-31
42	43	1.000000e+00
43	44	1.000000e+00
43	45	2.132970e-31
43	61	7.005942e-24
-44	-66	2.032488e-24
44	45	1.000000e+00
44	413	3.052449e-28
45	46	1.000000e+00
-45	-406	4.558706e-24
46	47	1.000000e+00
46	365	8.132742e-19
-47	-53	3.268194e-30
-47	-425	5.007934e-29
47	48	1.000000e+00
47	49	2.132833e-31
48	49	1.000000e+00
48	-49	2.132833e-31
-48	-50	2.132833e-31
49	50	1.000000e+00
-50	51	2.132833e-31
50	51	1.000000e+00
51	52	1.000000e+00
51	54	2.132837e-31
51	84	2.129964e-31
52	53	1.000000e+00
-52	-425	3.268199e-30
53	54	1.000000e+00
54	55	1.000000e+00
54	56	3.648630e-31
55	56	1.000000e+00
56	57	1.000000e+00
56	-62	1.179005e-30
57	58	1.000000e+00
57	89	2.128285e-31
57	1381	1.006227e-20
-57	63	1.048646e-25
58	59	1.000000e+00
58	760	3.392318e-31
-58	-92	3.395041e-31
-58	-1440	4.726996e-30
59	60	8.622624e-14
59	-60	1.000000e+00
59	62	9.609851e-26
59	71	1.325928e-30
-60	61	3.267147e-16
-60	-61	2.477465e-18
-60	-62	5.200193e-22
-60	62	9.962885e-01
-60	-66	4.479233e-22
60	61	7.375675e-25
60	62	1.599042e-17
61	-62	1.000000e+00
61	62	9.110610e-18
-61	62	1.190413e-16
-61	63	9.999901e-01
-62	67	4.495969e-22
-62	73	7.000209e-26
-62	1365	1.089522e-12
62	63	1.274799e-16
63	64	1.000000e+00
-63	-67	1.289320e-25
-63	-957	1.679296e-20
-63	-1366	1.109470e-13
64	65	1.000000e+00
64	-66	6.101980e-16
65	66	1.000000e+00
-65	67	6.101980e-16
66	67	9.999934e-01
-67	757	3.433958e-20
-67	-1512	3.699073e-27
67	68	1.000000e+00
67	-1336	4.501099e-16
68	69	1.000000e+00
68	443	3.052454e-28
-68	1472	2.277781e-31
-68	-1577	3.273326e-20
69	70	1.000000e+00
-69	116	1.100751e-23
70	71	1.000000e+00
70	-84	2.424513e-23
71	72	1.000000e+00
71	73	6.369875e-31
71	85	3.392377e-31
71	-107	2.037408e-17
-71	81	9.468711e-23
72	73	1.000000e+00
72	-80	1.727556e-22
73	74	1.000000e+00
73	-305	8.311935e-31
-73	80	1.538770e-26
-73	85	5.580831e-23
74	75	1.000000e+00
74	-75	1.172011e-28
74	77	8.330329e-31
74	221	5.043852e-30
-74	-82	8.311828e-31
75	76	1.000000e+00
75	77	8.318368e-31
-75	-221	5.043852e-30
-75	1032	2.834326e-24
-76	116	2.670906e-24
76	77	1.000000e+00
77	78	1.000000e+00
77	79	3.648630e-31
78	79	1.000000e+00
79	80	1.000000e+00
79	-121	1.380306e-16
80	81	1.000000e+00
80	-771	3.525079e-12
81	82	1.000000e+00
81	83	3.648630e-31
82	83	1.000000e+00
83	84	1.000000e+00
83	-84	3.394985e-31
-84	898	4.752374e-29
84	85	1.000000e+00
85	86	1.000000e+00
85	-91	4.516848e-31
86	87	1.000000e+00
86	88	3.648630e-31
-86	92	4.311534e-31
-86	-101	4.287187e-31
-86	104	2.422663e-23
-87	-149	3.648630e-31
87	88	1.000000e+00
87	150	3.648630e-31
-88	-608	2.133085e-31
88	89	1.000000e+00
88	-89	2.132833e-31
89	90	1.000000e+00
-89	90	2.132833e-31
90	91	1.000000e+00
91	92	1.000000e+00
91	-209	3.052454e-28
92	93	1.000000e+00
92	-116	7.574998e-29
92	-121	5.010129e-13
92	709	3.573139e-31
93	94	1.000000e+00
93	-1281	1.106196e-24
93	-1639	2.132741e-31
-93	-109	2.424517e-23
-93	117	7.574921e-29
94	95	1.000000e+00
94	-95	2.132833e-31
-94	118	4.752374e-29
95	96	1.000000e+00
-95	96	2.132833e-31
96	97	1.000000e+00
96	98	2.132833e-31
-97	-98	2.132833e-31
97	98	1.000000e+00
97	99	2.132833e-31
98	99	1.000000e+00
99	100	1.000000e+00
99	101	2.132837e-31
100	101	1.000000e+00
100	116	5.549870e-26
100	-118	2.132837e-31
-100	-119	2.132833e-31
101	102	1.000000e+00
101	-104	4.558651e-24
-101	-120	6.297897e-27
-101	-1032	1.965762e-17
-102	105	4.558651e-24
102	103	1.000000e+00
102	104	3.394985e-31
103	104	1.000000e+00
104	105	1.000000e+00
105	106	1.000000e+00
105	1020	1.890183e-20
105	-1058	8.029249e-25
106	107	2.142180e-11
106	108	1.181310e-11
106	-120	9.999993e-01
106	-166	6.667508e-27
-106	-117	8.029249e-25
-106	-1019	1.890183e-20
-107	-121	2.801843e-06
-107	121	9.976770e-01
-107	282	1.738776e-20
-107	1441	1.377519e-11
-107	-1576	3.984382e-06
107	108	1.098708e-05
107	-120	5.357613e-09
107	121	1.586660e-05
107	-279	2.456008e-17
107	526	2.501977e-12
107	542	1.462957e-11
107	550	7.007176e-16
107	-552	2.590425e-15
107	571	2.820294e-16
107	1082	1.530795e-17
107	-1646	1.587970e-05
108	109	1.000000e+00
108	1030	1.599037e-17
-108	575	1.568327e-05
-108	1010	1.312147e-05
-108	1033	1.475165e-09
-108	-1427	1.019113e-12
109	110	1.000000e+00
-109	-1022	5.403791e-22
-110	116	9.087641e-26
110	-111	1.106130e-24
110	111	1.000000e+00
111	112	1.000000e+00
111	-1031	6.808073e-20
-111	112	1.106130e-24
-111	583	2.129980e-31
-112	-705	2.849233e-15
112	113	1.000000e+00
112	-1030	7.788285e-22
113	114	1.000000e+00
-113	-1024	8.036342e-26
-114	601	8.268853e-27
114	115	1.000000e+00
114	-582	2.128300e-31
115	116	1.000000e+00
115	1010	2.114248e-09
115	-1033	8.155998e-29
115	1033	2.634171e-10
115	-1607	2.107325e-19
-115	1012	2.132833e-31
116	117	1.000000e+00
-116	119	2.266982e-25
117	118	1.000000e+00
117	578	3.892203e-31
118	119	1.000000e+00
-119	120	2.132833e-31
119	120	1.000000e+00
120	121	2.197947e-11
120	149	6.475664e-27
-121	-574	3.305291e-13
-121	-1575	1.839246e-20
121	571	4.980421e-11
121	-573	3.667483e-16
121	-756	9.002582e-16
121	-1431	1.982139e-17
121	1557	4.365442e-06
122	123	1.000000e+00
122	-129	1.941759e-20
-122	124	9.867779e-21
-122	-134	8.499654e-21
-122	-741	1.512055e-19
-122	877	3.456489e-08
-123	130	1.941762e-20
-123	877	2.758230e-23
123	124	1.000000e+00
123	125	2.132833e-31
124	125	1.000000e+00
124	126	2.128276e-31
124	-741	3.268174e-30
-125	-127	2.128276e-31
125	126	1.000000e+00
125	128	5.726679e-31
126	127	1.000000e+00
127	128	1.000000e+00
128	129	1.000000e+00
129	130	1.000000e+00
129	-130	1.111681e-20
129	131	1.111681e-20
130	131	1.000000e+00
130	-136	2.834377e-24
130	-740	4.869322e-26
-130	131	1.111681e-20
-130	741	4.869322e-26
131	132	1.000000e+00
131	136	5.043852e-30
132	133	1.000000e+00
-132	-136	5.043910e-30
133	134	1.000000e+00
133	135	3.648630e-31
134	135	1.000000e+00
135	136	1.000000e+00
135	138	5.043913e-30
136	137	1.000000e+00
136	138	2.239109e-31
137	138	1.000000e+00
137	139	2.132857e-31
-137	-138	5.043909e-30
138	139	1.000000e+00
-138	1531	9.117416e-31
139	-140	2.132833e-31
139	140	1.000000e+00
139	169	2.245332e-31
140	141	1.000000e+00
-140	141	2.132833e-31
141	142	1.000000e+00
-142	896	2.129958e-31
142	143	1.000000e+00
-143	-769	5.531848e-26
143	144	1.000000e+00
143	-146	5.209219e-30
143	-153	8.322946e-31
143	1617	3.268179e-30
144	145	1.000000e+00
144	147	3.399568e-31
-144	145	3.268179e-30
-144	154	8.322946e-31
-144	1492	7.728784e-29
145	-146	2.422601e-23
145	146	1.000000e+00
146	147	1.000000e+00
-146	147	2.422601e-23
147	148	1.000000e+00
147	612	2.128278e-31
148	149	1.000000e+00
148	-156	3.268179e-30
149	150	1.000000e+00
150	151	1.000000e+00
150	-151	2.132833e-31
150	1533	2.128278e-31
-151	152	2.132833e-31
151	152	1.000000e+00
152	153	1.000000e+00
-152	-611	2.128278e-31
153	154	1.000000e+00
153	-170	5.197172e-21
154	155	1.000000e+00
-154	171	5.197172e-21
155	156	1.000000e+00
155	-1520	3.653515e-31
-156	1520	3.651510e-31
156	-157	7.986761e-29
156	157	1.000000e+00
156	158	2.133884e-31
-157	158	1.273746e-28
157	158	1.000000e+00
158	159	1.000000e+00
158	-1009	7.800194e-15
158	1489	1.251996e-24
158	-1536	2.120370e-29
-159	186	2.005379e-25
-159	565	4.054067e-29
159	160	1.000000e+00
159	-163	2.129958e-31
160	161	1.000000e+00
160	162	2.132833e-31
-160	407	1.178577e-24
161	162	1.000000e+00
162	163	1.000000e+00
162	164	2.132833e-31
163	164	1.000000e+00
164	165	1.000000e+00
165	166	1.000000e+00
165	-166	3.268212e-30
-166	711	5.043861e-30
166	167	1.000000e+00
166	-711	7.461265e-25
167	168	1.000000e+00
167	1061	5.403791e-22
-167	-320	7.728995e-29
-167	322	2.968911e-16
-167	-1532	2.191323e-31
168	169	1.000000e+00
168	-170	5.381166e-24
168	1532	9.183877e-31
-169	171	5.381166e-24
169	170	1.000000e+00
170	171	1.000000e+00
170	-1530	2.686532e-29
171	172	1.000000e+00
-171	-906	1.717132e-28
-172	177	7.328851e-27
172	-173	2.422601e-23
172	173	1.000000e+00
172	175	3.392274e-31
-173	174	2.422601e-23
173	174	1.000000e+00
174	175	1.000000e+00
175	176	1.000000e+00
-175	365	1.901618e-21
176	177	9.584811e-17
176	-190	1.000000e+00
176	-1531	5.847061e-29
-177	181	1.406277e-24
-177	186	9.999992e-01
177	178	1.000000e+00
177	-1529	2.132833e-31
178	179	1.000000e+00
178	-1342	7.986749e-29
-179	202	3.052449e-28
179	180	1.000000e+00
180	181	1.000000e+00
180	-367	4.752374e-29
-180	1330	9.752746e-27
181	182	1.000000e+00
182	183	1.000000e+00
182	226	3.052454e-28
183	184	1.000000e+00
-183	1562	1.193469e-20
-183	-1564	1.194632e-20
184	185	1.000000e+00
184	-264	5.531892e-26
184	-265	8.476750e-25
-185	-651	8.476656e-25
-185	-1048	5.531892e-26
185	186	6.871513e-08
185	187	1.862073e-17
185	381	5.317780e-16
185	-1049	2.191596e-15
185	1209	1.821620e-17
185	-1276	1.267547e-04
185	1303	2.116717e-12
-186	189	1.418807e-24
-186	-1249	6.303011e-27
186	187	1.000000e+00
186	188	2.435733e-31
187	188	1.000000e+00
187	189	6.218276e-25
187	-1342	3.412602e-30
188	189	1.000000e+00
188	-1537	8.743869e-31
-188	1530	2.132960e-31
189	190	1.000000e+00
189	-982	6.901569e-25
189	1529	4.558735e-24
190	191	7.687991e-30
190	-208	1.456063e-29
190	365	4.593413e-15
190	-1009	1.936033e-14
-190	210	7.986797e-29
-190	-1024	1.231429e-24
-191	205	1.000000e+00
191	192	1.000000e+00
191	193	3.648667e-31
-192	874	3.656797e-31
192	193	1.000000e+00
192	-873	3.656797e-31
193	194	1.000000e+00
193	195	3.648630e-31
193	-318	6.302894e-27
194	195	1.000000e+00
-195	197	6.206095e-30
195	196	1.000000e+00
195	-203	3.675096e-30
195	204	3.314518e-12
-196	204	1.651490e-16
196	197	1.000000e+00
196	-199	2.347675e-20
196	-200	6.371626e-20
196	318	6.210887e-30
196	-1520	8.476682e-25
197	-198	2.132833e-31
197	198	1.000000e+00
-197	1517	8.476589e-25
-197	-1520	8.476682e-25
-198	301	2.132833e-31
198	199	1.000000e+00
199	200	1.000000e+00
199	201	2.931232e-28
199	1499	2.349204e-29
199	1607	2.680430e-15
200	201	1.000000e+00
200	225	5.867791e-22
-201	-224	7.406101e-22
-201	525	8.577080e-24
-201	-1499	1.037137e-29
201	202	1.000000e+00
201	-1509	3.052449e-28
202	203	1.000000e+00
202	-204	9.428642e-31
202	355	8.737651e-26
203	204	6.265620e-12
203	-204	1.000000e+00
203	1332	9.429681e-31
204	205	1.320752e-30
-204	-326	5.569005e-17
-204	426	4.509159e-17
-204	619	8.368413e-12
-204	-622	8.668346e-16
-204	-1332	1.022679e-02
-204	1368	2.936774e-13
-204	1482	8.651886e-16
205	206	1.000000e+00
205	208	3.648630e-31
206	207	1.000000e+00
207	208	1.000000e+00
208	209	1.000000e+00
209	210	1.000000e+00
210	211	1.000000e+00
211	212	1.000000e+00
212	213	1.000000e+00
-212	-998	3.052449e-28
213	214	1.000000e+00
214	215	1.000000e+00
214	216	2.132833e-31
-215	-216	2.132837e-31
215	216	1.000000e+00
215	217	2.132837e-31
216	217	1.000000e+00
217	218	1.000000e+00
217	-219	2.132837e-31
-218	219	2.132837e-31
-218	976	3.392393e-31
218	219	1.000000e+00
218	220	2.132833e-31
219	220	1.000000e+00
220	221	1.000000e+00
220	-842	2.132833e-31
221	222	1.000000e+00
-222	842	5.043909e-30
222	223	1.000000e+00
223	224	1.000000e+00
224	225	1.000000e+00
225	226	1.000000e+00
225	-1105	3.052501e-28
226	227	1.000000e+00
226	-229	5.043852e-30
-227	230	5.043852e-30
227	228	1.000000e+00
-228	-229	1.172003e-28
228	229	1.000000e+00
229	230	1.000000e+00
230	231	1.000000e+00
-231	907	1.178573e-24
231	232	1.000000e+00
231	-233	2.132857e-31
232	233	1.000000e+00
-232	-235	2.132833e-31
233	234	1.000000e+00
-234	236	2.132857e-31
234	235	1.000000e+00
235	236	1.000000e+00
236	237	1.000000e+00
237	238	1.000000e+00
238	239	1.000000e+00
238	240	2.132833e-31
-239	-241	2.132833e-31
-239	-326	8.485408e-31
239	240	1.000000e+00
239	242	2.132833e-31
240	241	1.000000e+00
-241	-907	1.164459e-15
241	242	1.000000e+00
242	243	1.000000e+00
242	327	1.160211e-30
243	244	1.000000e+00
243	-1646	8.179202e-21
-243	362	7.444916e-31
-243	-1163	1.003761e-25
244	245	1.000000e+00
244	-1106	3.648675e-31
244	1646	2.252045e-31
-245	363	3.488243e-31
-245	1106	3.653835e-31
245	319	6.894766e-07
245	326	8.177379e-21
245	512	8.132627e-19
245	1278	5.716011e-15
245	-1606	2.205006e-06
246	247	1.000000e+00
246	760	2.132837e-31
-246	-293	1.000000e+00
-246	-759	4.977595e-30
247	-248	2.422601e-23
247	248	1.000000e+00
-247	-293	4.977607e-30
248	249	1.000000e+00
-248	249	2.422601e-23
249	250	1.000000e+00
249	253	2.132833e-31
-250	1155	4.977588e-30
250	251	1.000000e+00
251	252	1.000000e+00
251	-252	2.132833e-31
251	253	2.128278e-31
-252	-1154	4.977588e-30
252	253	1.000000e+00
253	254	1.000000e+00
253	-273	8.029343e-25
254	255	1.000000e+00
-254	274	8.029345e-25
-255	980	4.345212e-21
255	256	1.000000e+00
255	-258	2.129937e-31
255	-301	2.129960e-31
255	-523	4.752374e-29
-256	1024	4.752374e-29
256	257	1.935123e-08
256	323	9.999992e-01
257	258	1.000000e+00
257	275	7.909397e-21
257	319	9.389534e-15
257	-320	1.686101e-29
257	-982	6.996834e-23
-257	-258	1.766000e-20
-257	319	5.701067e-01
-257	-321	2.211709e-17
-257	-322	2.211420e-17
-257	322	2.103150e-01
-257	-1023	4.103630e-19
258	-259	2.131275e-31
258	259	1.000000e+00
-258	279	7.909471e-21
-258	-291	8.747258e-26
-258	-319	1.085181e-29
-258	320	5.091779e-24
-258	321	1.004087e-29
-258	-1199	1.682354e-29
-259	292	2.132833e-31
-259	-323	2.131114e-31
259	260	5.519768e-30
259	291	3.052449e-28
259	-323	1.000000e+00
-260	284	6.808034e-20
-260	324	1.000000e+00
-260	-694	8.785489e-30
-260	-1354	1.106119e-24
260	261	1.000000e+00
260	-1035	6.865198e-30
260	-1037	8.476913e-25
-261	611	4.558651e-24
261	262	1.000000e+00
261	1562	7.788601e-22
262	263	1.000000e+00
-262	-263	2.132833e-31
-263	264	2.132833e-31
263	264	1.000000e+00
264	265	1.000000e+00
265	266	1.000000e+00
265	267	3.653515e-31
265	619	7.461477e-25
-265	623	5.043852e-30
-266	723	3.653340e-31
-266	-1297	7.986941e-29
266	267	1.000000e+00
266	-722	3.648630e-31
267	268	1.000000e+00
-267	-1297	3.268286e-30
268	269	1.000000e+00
268	-290	3.052449e-28
-269	273	3.052449e-28
269	270	1.000000e+00
270	271	1.000000e+00
270	-278	8.553337e-31
270	-292	4.752429e-29
271	272	1.000000e+00
271	325	8.546763e-31
271	358	1.425387e-30
-271	-324	8.553380e-31
272	273	1.000000e+00
272	282	3.052490e-28
-272	-276	3.488196e-31
-272	-357	1.425381e-30
273	274	1.000000e+00
273	-274	3.195994e-21
273	-275	4.117265e-30
-274	981	1.822420e-29
274	275	1.000000e+00
275	276	1.000000e+00
275	-318	1.406279e-24
-276	280	8.553328e-31
-276	-451	1.106130e-24
276	277	1.000000e+00
276	-362	2.422605e-23
-277	324	1.079428e-29
-277	363	2.422605e-23
277	278	1.000000e+00
278	279	1.000000e+00
278	-280	5.403791e-22
279	280	1.000000e+00
279	322	1.562730e-12
279	-1539	1.677309e-19
-280	281	5.403854e-22
-280	-1576	1.103778e-16
280	281	1.000000e+00
281	282	1.000000e+00
281	-325	1.161818e-30
282	283	1.000000e+00
282	355	1.753480e-20
282	765	2.190172e-31
-283	286	5.581160e-30
-283	987	2.350103e-31
-283	1529	1.106164e-24
283	284	1.000000e+00
283	285	1.160988e-29
283	324	2.381398e-18
284	285	1.000000e+00
-284	286	2.675021e-20
285	286	1.000000e+00
285	-321	1.632309e-25
285	915	2.574528e-20
285	-1052	3.442654e-15
286	287	1.000000e+00
-286	1298	7.461386e-25
287	288	1.000000e+00
287	289	2.132833e-31
-288	-289	2.132833e-31
288	289	1.000000e+00
288	290	2.132833e-31
289	290	1.000000e+00
290	291	1.000000e+00
291	292	1.000000e+00
292	293	1.000000e+00
-293	319	5.319964e-19
293	294	1.476239e-26
293	1441	4.477922e-17
293	-1498	5.405787e-22
294	295	1.000000e+00
-294	-297	7.000350e-31
-294	302	2.369538e-27
-294	1634	1.000000e+00
295	296	1.000000e+00
296	297	1.000000e+00
296	298	2.132833e-31
-297	1634	7.308110e-31
297	298	1.000000e+00
298	299	1.000000e+00
299	300	1.000000e+00
300	301	1.000000e+00
301	302	1.000000e+00
302	303	1.000000e+00
-302	-1641	3.268194e-30
303	304	1.000000e+00
-304	305	4.752374e-29
304	305	1.000000e+00
305	306	1.000000e+00
305	307	4.072184e-23
306	307	9.153413e-01
307	308	1.000000e+00
308	309	1.000000e+00
308	310	2.132833e-31
309	310	1.000000e+00
309	-312	2.132833e-31
-309	313	2.132833e-31
310	-311	9.463963e-23
310	311	1.000000e+00
310	312	1.264605e-29
311	312	1.000000e+00
311	314	3.399568e-31
-311	312	9.463963e-23
-311	-313	7.933924e-30
-311	-1368	1.112890e-16
312	313	1.000000e+00
313	314	1.000000e+00
314	315	1.000000e+00
314	-316	2.132833e-31
-315	317	2.132833e-31
315	316	1.000000e+00
316	317	1.000000e+00
317	318	1.000000e+00
318	319	2.510645e-08
318	362	2.271127e-26
318	-364	9.999992e-01
-319	320	3.435596e-18
-319	-324	4.455200e-17
-319	766	9.894292e-18
319	320	1.000000e+00
319	321	1.192835e-28
319	1015	1.172025e-28
320	321	1.000000e+00
-320	322	4.581993e-16
-321	1200	3.656797e-31
321	-322	9.999992e-01
321	322	4.881767e-08
322	323	1.632873e-13
323	324	6.781347e-30
323	-1034	8.477135e-25
323	1161	5.046140e-23
324	325	1.000000e+00
324	326	5.403866e-22
325	326	1.000000e+00
326	327	1.000000e+00
-326	-363	8.706009e-31
327	328	1.000000e+00
327	329	3.648637e-31
327	-334	8.741167e-31
328	329	1.000000e+00
328	-476	3.651510e-31
-328	478	3.648636e-31
329	330	1.000000e+00
330	331	1.000000e+00
330	1367	1.348910e-19
-331	-352	4.865363e-28
331	332	1.000000e+00
332	333	1.000000e+00
332	-916	3.052449e-28
333	334	1.000000e+00
-333	1240	3.052449e-28
334	335	1.000000e+00
334	1151	5.406907e-22
335	336	1.000000e+00
335	337	8.740802e-31
-335	1072	1.876873e-21
336	337	1.000000e+00
337	338	1.000000e+00
338	339	1.000000e+00
339	340	1.000000e+00
339	341	2.132833e-31
340	341	1.000000e+00
340	-345	8.747016e-26
-340	346	8.746971e-26
341	342	1.000000e+00
341	363	1.393230e-30
342	343	1.000000e+00
-343	344	2.239868e-31
343	344	1.000000e+00
344	345	1.000000e+00
-344	-793	4.752438e-29
345	346	9.999949e-01
345	1405	1.477491e-15
346	347	1.000000e+00
346	-451	4.558651e-24
-347	348	7.627282e-29
-347	349	3.268194e-30
347	348	1.000000e+00
347	353	1.215727e-28
348	349	1.000000e+00
348	353	5.209237e-30
349	350	1.000000e+00
350	351	1.000000e+00
-350	394	8.029274e-25
351	352	1.000000e+00
352	353	1.000000e+00
353	354	1.000000e+00
353	-979	6.731205e-19
354	-355	8.737616e-26
354	355	9.999806e-01
354	-357	6.982257e-17
354	-364	5.188676e-16
354	427	7.226464e-20
355	356	1.000000e+00
-355	358	6.982263e-17
-355	1607	7.278877e-11
356	357	1.000000e+00
357	358	1.000000e+00
357	-359	4.977731e-30
-358	360	4.977737e-30
-358	-361	8.708650e-31
-358	-362	1.352928e-30
358	359	1.000000e+00
359	360	1.000000e+00
360	361	1.000000e+00
360	627	3.648630e-31
361	362	1.785723e-26
361	-363	1.000000e+00
-361	-627	3.648630e-31
362	363	1.000000e+00
362	-944	3.185470e-20
-362	364	1.000000e+00
363	364	2.252926e-26
365	366	1.000000e+00
365	367	2.132788e-31
365	-1228	5.831274e-25
-365	-369	1.093362e-20
-365	-1012	1.346584e-20
366	367	1.000000e+00
366	-377	4.752374e-29
-366	-1617	3.525636e-19
367	368	1.000000e+00
368	369	1.476237e-26
368	-372	1.774287e-21
368	-373	3.682280e-26
368	-374	1.000000e+00
368	-707	1.633750e-29
-369	375	1.000000e+00
-369	376	2.128265e-31
369	370	1.000000e+00
-370	375	2.238143e-31
370	371	1.000000e+00
371	372	1.000000e+00
371	-374	2.656144e-30
372	373	1.000000e+00
372	375	8.311770e-31
-372	374	8.466116e-31
373	374	1.000000e+00
374	375	1.778093e-26
374	707	1.553010e-29
375	376	1.000000e+00
376	377	1.000000e+00
377	378	1.000000e+00
378	379	1.000000e+00
378	-384	2.132833e-31
379	380	1.000000e+00
-379	384	3.399568e-31
380	381	1.000000e+00
381	382	1.000000e+00
382	383	1.000000e+00
382	-383	2.422601e-23
383	384	1.000000e+00
383	385	3.399568e-31
-383	384	2.422601e-23
384	385	1.000000e+00
384	-404	2.128329e-31
-385	405	2.128329e-31
385	386	1.000000e+00
386	387	1.000000e+00
386	-393	3.248432e-27
386	-404	4.767540e-31
387	388	1.000000e+00
387	-882	2.126726e-16
-387	394	5.625294e-30
-387	405	4.767540e-31
-388	-880	2.145816e-16
388	389	1.000000e+00
389	390	1.000000e+00
389	883	2.206174e-31
-390	-404	2.172762e-31
390	391	1.000000e+00
391	392	1.000000e+00
391	393	2.128257e-31
392	393	1.000000e+00
392	-881	9.408634e-31
-393	-396	2.129958e-31
393	394	9.999979e-01
394	395	1.000000e+00
395	396	1.000000e+00
-395	399	2.129964e-31
396	397	1.000000e+00
-397	507	4.752374e-29
397	398	1.000000e+00
397	-455	2.129937e-31
397	1063	4.752381e-29
398	399	1.000000e+00
398	-406	1.106144e-24
399	400	1.000000e+00
399	881	2.185878e-31
400	401	1.000000e+00
401	402	1.000000e+00
401	-404	2.334615e-31
401	-405	8.485538e-31
401	543	3.648674e-31
-401	417	3.581915e-30
-402	403	4.200081e-30
-402	-543	3.648673e-31
402	403	1.000000e+00
402	404	6.859331e-30
402	405	4.170072e-30
402	-405	3.196082e-21
402	-416	1.714544e-29
402	1406	8.029484e-25
-403	405	4.388907e-30
-403	406	3.196025e-21
-403	-1405	8.029380e-25
403	404	1.000000e+00
404	405	1.000000e+00
405	406	1.000000e+00
406	407	1.000000e+00
406	408	9.461956e-30
407	408	1.000000e+00
407	-695	1.189944e-24
-407	408	1.252012e-24
408	409	1.000000e+00
-408	-695	7.461274e-25
-408	-898	2.131164e-31
409	410	1.000000e+00
410	411	1.000000e+00
410	412	3.648630e-31
411	412	1.000000e+00
412	413	1.000000e+00
412	-416	8.499835e-31
412	-426	3.052449e-28
413	414	1.000000e+00
413	-414	8.029264e-25
413	-1241	2.239868e-31
-413	417	8.498145e-31
414	415	9.999979e-01
-414	1411	1.172013e-28
415	416	1.000000e+00
415	-607	2.238138e-31
416	417	1.000000e+00
416	418	4.977651e-30
416	-424	5.405843e-22
417	418	1.000000e+00
-417	425	5.404486e-22
418	-419	3.648630e-31
418	419	1.000000e+00
419	420	1.000000e+00
-419	420	3.648630e-31
420	421	1.000000e+00
421	422	1.000000e+00
422	423	1.000000e+00
423	424	1.000000e+00
424	425	1.000000e+00
425	426	1.000000e+00
426	427	1.000000e+00
427	428	1.000000e+00
-428	805	3.070733e-21
428	429	1.000000e+00
428	432	2.132833e-31
428	898	2.129958e-31
-429	431	2.132833e-31
-429	456	2.128287e-31
429	430	1.000000e+00
430	431	1.000000e+00
430	-435	2.132833e-31
431	432	1.000000e+00
431	-433	2.132833e-31
432	433	1.000000e+00
433	434	1.000000e+00
-434	436	2.132833e-31
434	435	1.000000e+00
435	436	1.000000e+00
436	437	1.000000e+00
436	-1243	1.348932e-19
-437	-1571	5.381135e-24
437	438	1.000000e+00
437	-440	4.752374e-29
-438	441	4.752374e-29
438	439	1.000000e+00
438	1407	2.132833e-31
439	440	1.000000e+00
-439	1570	7.788855e-22
440	441	1.000000e+00
-440	-1208	2.133021e-31
441	442	1.000000e+00
441	443	2.131288e-31
442	443	1.000000e+00
442	1413	3.268194e-30
442	-1622	7.461384e-25
443	444	1.000000e+00
444	445	1.000000e+00
444	-445	4.977588e-30
-445	446	4.977588e-30
445	446	1.000000e+00
446	447	1.000000e+00
446	-448	8.029249e-25
447	448	1.000000e+00
-447	449	8.029249e-25
-447	888	1.093920e-11
448	449	1.000000e+00
449	450	1.000000e+00
450	451	1.000000e+00
451	452	1.000000e+00
452	453	1.000000e+00
-452	888	1.000415e-09
453	454	1.000000e+00
453	1066	4.752374e-29
-453	-1228	5.562355e-22
454	-455	2.310442e-27
454	455	9.999979e-01
-455	456	4.000981e-30
-455	892	3.195957e-21
455	456	1.000000e+00
456	457	1.000000e+00
456	1284	3.648630e-31
-456	1233	2.739410e-24
457	458	1.000000e+00
457	-882	2.635106e-15
-457	-1284	3.648630e-31
458	-459	5.403791e-22
458	459	1.000000e+00
-458	-880	2.634547e-15
-459	460	5.403791e-22
459	460	1.000000e+00
460	461	1.000000e+00
461	-887	9.999992e-01
-462	-509	8.935244e-24
-462	-656	5.831248e-25
-462	-1276	3.054051e-11
-462	-1526	4.451491e-13
462	463	1.000000e+00
462	464	1.380168e-30
463	464	1.000000e+00
463	465	5.403892e-22
463	-1133	1.424939e-30
-463	470	3.519159e-31
-463	1134	3.648630e-31
464	465	1.000000e+00
-464	470	1.316576e-30
465	466	1.000000e+00
466	467	1.000000e+00
466	-467	7.222206e-30
466	-986	2.190147e-31
467	468	1.000000e+00
467	469	1.125523e-29
467	671	1.457445e-20
467	960	1.958563e-11
-467	709	2.131664e-31
468	469	1.000000e+00
469	470	1.000000e+00
469	550	6.772476e-30
-469	-923	8.476798e-25
-469	928	5.008026e-29
470	471	1.000000e+00
470	-509	2.131106e-31
-471	510	2.131106e-31
471	472	1.000000e+00
472	473	1.000000e+00
473	474	1.000000e+00
473	475	3.648630e-31
474	475	1.000000e+00
475	476	1.000000e+00
475	-960	1.975576e-20
476	477	1.000000e+00
-476	960	7.472757e-17
477	478	1.000000e+00
478	479	1.000000e+00
478	-482	2.132833e-31
-479	484	2.132833e-31
479	480	1.000000e+00
480	481	1.000000e+00
481	482	1.000000e+00
482	483	1.000000e+00
483	484	1.000000e+00
483	485	2.132842e-31
-483	-484	2.132870e-31
484	485	1.000000e+00
484	486	3.648631e-31
485	486	1.000000e+00
486	487	1.000000e+00
486	488	3.653521e-31
486	491	3.268235e-30
487	488	1.000000e+00
-487	-491	3.268212e-30
488	489	1.000000e+00
489	490	1.000000e+00
490	491	1.000000e+00
490	492	2.132833e-31
491	492	1.000000e+00
492	493	1.000000e+00
492	494	3.648630e-31
493	494	1.000000e+00
494	495	1.000000e+00
494	-505	1.172003e-28
495	496	1.000000e+00
496	497	1.000000e+00
497	498	1.000000e+00
498	499	1.000000e+00
498	-506	2.131639e-31
499	500	1.000000e+00
-500	523	2.230829e-31
-500	945	2.174499e-31
500	501	1.000000e+00
501	502	1.000000e+00
501	503	2.132833e-31
-502	-505	5.043852e-30
502	503	1.000000e+00
502	506	5.043852e-30
503	504	9.999979e-01
503	-574	2.661441e-15
504	505	1.000000e+00
505	506	1.000000e+00
506	507	1.000000e+00
506	-914	1.106125e-24
507	508	1.000000e+00
-507	-988	2.129958e-31
508	509	1.000000e+00
509	510	1.000000e+00
509	-533	2.191367e-31
-510	-900	2.131127e-31
-510	-1384	5.007874e-29
-510	-1599	3.268154e-30
510	511	1.000000e+00
511	512	1.000000e+00
511	-684	8.132699e-19
512	-513	1.000000e+00
512	513	3.830118e-31
512	514	2.245095e-31
-513	514	1.000000e+00
513	514	3.830118e-31
514	515	1.000000e+00
514	-526	1.106143e-24
515	516	1.000000e+00
515	-516	2.132833e-31
-516	1517	3.268194e-30
516	517	1.000000e+00
517	-518	2.132833e-31
517	518	1.000000e+00
-517	-1564	7.796192e-22
-518	-520	2.132833e-31
518	519	1.000000e+00
519	520	1.000000e+00
-519	521	2.132833e-31
520	521	1.000000e+00
521	522	1.000000e+00
522	523	1.000000e+00
523	524	1.000000e+00
524	525	1.000000e+00
524	-1494	3.052449e-28
525	526	1.000000e+00
525	574	5.094744e-21
526	527	1.000000e+00
526	534	5.875107e-30
526	542	6.808085e-20
-526	527	2.152624e-29
-527	-541	2.675038e-20
-527	-548	4.558753e-24
-527	570	2.275507e-28
527	528	1.000000e+00
527	529	2.132833e-31
528	529	1.000000e+00
528	530	2.132833e-31
-528	-529	2.132833e-31
529	530	1.000000e+00
530	-531	2.381358e-18
530	531	1.000000e+00
530	986	6.772587e-30
-531	532	2.381358e-18
531	532	1.000000e+00
532	533	1.000000e+00
532	-943	4.752374e-29
-533	1233	3.682869e-20
533	534	1.000000e+00
533	-1389	3.648673e-31
534	535	1.000000e+00
534	-535	5.680691e-17
534	-979	2.017789e-20
-534	1389	3.648673e-31
-535	536	5.680690e-17
535	536	9.999553e-01
535	-549	3.072496e-14
536	537	1.000000e+00
536	563	2.422604e-23
-536	550	3.072497e-14
537	538	1.000000e+00
537	551	1.106130e-24
537	570	1.085172e-19
-537	-562	2.422604e-23
538	539	1.000000e+00
538	540	2.132833e-31
-538	-539	4.054066e-29
-538	-569	3.793006e-18
539	540	1.000000e+00
-539	-569	6.462034e-29
540	-541	4.869322e-26
540	541	1.000000e+00
-541	971	7.788476e-22
541	542	1.000000e+00
541	971	1.778132e-16
-542	1321	5.516500e-30
-542	1441	2.603037e-16
542	543	1.000000e+00
542	544	3.648630e-31
542	570	9.113269e-30
-543	-563	2.128315e-31
543	-544	2.128315e-31
543	544	1.000000e+00
544	545	1.000000e+00
544	-545	2.132833e-31
545	546	1.000000e+00
-545	546	2.132833e-31
546	547	1.000000e+00
547	548	1.000000e+00
548	549	1.000000e+00
-549	564	2.209310e-31
-549	1495	3.052500e-28
549	550	1.000000e+00
549	1102	6.779632e-30
550	551	1.000000e+00
551	552	1.000000e+00
551	-566	2.243041e-31
551	1096	4.752382e-29
552	553	1.000000e+00
553	554	1.000000e+00
553	-686	2.424517e-23
-553	-574	4.659262e-19
-554	567	3.572142e-31
-554	687	2.424517e-23
554	555	1.000000e+00
554	556	2.132833e-31
-555	-559	2.132833e-31
555	556	1.000000e+00
555	-561	2.132833e-31
555	569	3.392308e-31
556	557	1.000000e+00
556	-558	2.132833e-31
-557	558	2.132833e-31
557	558	1.000000e+00
557	559	2.132833e-31
558	559	1.000000e+00
559	560	1.000000e+00
-560	562	2.132833e-31
560	561	1.000000e+00
561	562	1.000000e+00
562	563	1.000000e+00
563	564	1.000000e+00
563	-565	3.268194e-30
564	565	1.000000e+00
564	606	2.132833e-31
-564	1381	8.686433e-21
565	566	1.000000e+00
565	1381	1.331044e-19
566	567	1.000000e+00
566	-979	2.774110e-18
-566	567	5.007913e-29
-566	-567	3.268194e-30
567	568	1.000000e+00
-567	568	3.268180e-30
568	569	1.000000e+00
568	-570	1.995747e-22
569	570	1.000000e+00
569	-571	7.708195e-22
569	-1036	1.079400e-29
-569	570	6.274248e-22
570	571	1.000000e+00
570	-573	1.235504e-20
570	573	1.520729e-23
570	-574	3.162189e-15
570	574	1.961873e-28
-570	1353	9.778467e-30
571	572	1.000000e+00
-571	574	8.135873e-21
572	573	9.999959e-01
-572	685	4.464677e-13
573	-574	5.456792e-04
573	574	9.992116e-01
-574	908	3.577106e-18
-574	-970	4.722589e-16
575	576	1.000000e+00
575	591	2.132833e-31
-575	578	1.001361e-16
-575	581	3.479984e-12
-575	-590	3.848509e-17
-575	590	5.897166e-16
-575	598	5.065831e-11
-575	600	9.811271e-12
-575	908	1.503339e-05
576	577	1.000000e+00
-576	590	3.268194e-30
577	578	1.000000e+00
577	924	8.087725e-30
577	-1517	2.424074e-31
578	579	1.000000e+00
579	580	1.000000e+00
580	581	1.000000e+00
581	582	1.000000e+00
582	583	1.000000e+00
582	-586	2.132833e-31
-583	-584	2.132833e-31
583	584	1.000000e+00
583	-587	4.977595e-30
584	585	1.000000e+00
-584	585	4.977595e-30
585	586	1.000000e+00
586	587	1.000000e+00
587	588	1.000000e+00
-587	588	2.132833e-31
588	589	1.000000e+00
588	-589	3.268194e-30
-589	-982	5.922778e-24
589	590	1.000000e+00
589	-982	9.075620e-23
590	591	1.000000e+00
591	592	1.000000e+00
592	593	1.000000e+00
592	594	3.648636e-31
593	594	1.000000e+00
594	595	1.000000e+00
594	-595	9.461420e-23
-595	596	9.461396e-23
595	596	1.000000e+00
595	-1526	1.681244e-20
596	597	1.000000e+00
597	598	1.000000e+00
597	599	1.661951e-20
597	702	1.837372e-25
598	599	1.000000e+00
-599	1011	7.933882e-30
599	-600	9.540165e-26
599	600	9.999983e-01
599	701	7.266672e-24
-600	601	1.172102e-25
-600	-614	6.462423e-29
600	601	9.999959e-01
601	602	1.000000e+00
601	603	2.128257e-31
601	-604	2.132833e-31
602	603	1.000000e+00
-603	605	2.132833e-31
603	604	1.000000e+00
604	605	1.000000e+00
605	606	1.000000e+00
605	1567	3.268210e-30
606	607	1.000000e+00
606	608	2.132837e-31
-607	-608	5.043859e-30
607	608	1.000000e+00
607	609	5.043868e-30
608	609	1.000000e+00
608	-610	2.727896e-24
609	610	1.000000e+00
-609	611	2.727879e-24
610	611	1.000000e+00
610	1642	4.558651e-24
611	612	1.000000e+00
612	613	1.000000e+00
-613	614	2.129937e-31
613	614	1.000000e+00
613	-1052	5.593422e-20
-614	632	4.752374e-29
614	615	1.000000e+00
615	616	9.999127e-01
615	-628	1.868777e-18
615	-882	3.056904e-19
-615	-919	3.268194e-30
616	617	1.000000e+00
-616	629	1.079219e-15
-616	-684	7.280980e-11
-616	-880	3.056896e-19
617	618	1.000000e+00
618	619	1.000000e+00
618	-1020	2.727879e-24
618	1344	4.558658e-24
-619	1356	1.149299e-24
619	620	1.000000e+00
619	623	2.133021e-31
620	621	1.000000e+00
620	-621	2.128257e-31
620	-622	2.133028e-31
621	622	1.000000e+00
622	623	1.000000e+00
622	1354	1.172011e-28
623	624	1.000000e+00
623	625	2.132833e-31
623	-625	2.128257e-31
-623	648	8.757152e-26
-623	-944	2.064640e-20
624	625	1.000000e+00
624	-625	2.132833e-31
-624	626	2.132833e-31
625	626	1.000000e+00
626	627	1.000000e+00
626	628	3.648630e-31
627	628	1.000000e+00
628	629	1.000000e+00
628	-631	1.106130e-24
-629	-1404	1.216648e-11
-629	1510	5.519212e-30
-629	-1604	2.331085e-19
629	630	1.000000e+00
629	-630	5.403791e-22
629	631	3.246094e-30
630	631	1.000000e+00
-630	631	5.403791e-22
631	632	1.000000e+00
632	633	1.000000e+00
632	-633	3.098252e-20
632	634	1.427475e-28
632	-1368	1.079218e-15
-633	634	3.098252e-20
633	634	1.000000e+00
634	635	1.000000e+00
634	-901	4.752374e-29
-634	952	4.558628e-24
635	636	1.000000e+00
-635	840	4.752374e-29
636	637	1.000000e+00
636	-637	2.132833e-31
-637	638	2.132833e-31
637	638	1.000000e+00
638	639	1.000000e+00
638	915	6.808039e-20
639	640	1.000000e+00
-639	648	1.480409e-19
640	641	1.000000e+00
641	642	1.000000e+00
641	-675	3.648631e-31
642	643	1.000000e+00
-642	676	3.648631e-31
643	644	1.000000e+00
643	645	3.648667e-31
644	645	1.000000e+00
644	-645	2.132842e-31
-645	647	2.132870e-31
645	646	1.000000e+00
-646	651	2.132833e-31
646	647	1.000000e+00
646	-650	2.132833e-31
647	648	9.999819e-01
647	-651	1.193449e-20
647	652	1.193449e-20
647	684	7.986037e-16
648	649	1.000000e+00
648	655	4.752374e-29
-648	877	7.930203e-11
-648	1049	7.788392e-22
649	650	1.000000e+00
650	651	1.000000e+00
651	652	1.000000e+00
652	653	1.000000e+00
652	654	2.132833e-31
-652	-661	3.268194e-30
-653	1589	2.132833e-31
653	654	1.000000e+00
653	-1588	2.132833e-31
654	-655	4.752374e-29
654	655	1.000000e+00
655	656	1.000000e+00
-656	672	4.752374e-29
656	657	1.000000e+00
-657	662	2.132837e-31
657	658	1.000000e+00
657	-663	2.132833e-31
-658	663	2.132833e-31
658	659	1.000000e+00
659	660	1.000000e+00
659	-669	4.752374e-29
660	661	1.000000e+00
-660	-676	1.149295e-24
661	662	1.000000e+00
662	663	1.000000e+00
662	664	2.132833e-31
663	664	1.000000e+00
664	665	1.000000e+00
665	666	1.000000e+00
666	667	1.000000e+00
667	668	1.000000e+00
667	669	3.648630e-31
668	669	1.000000e+00
669	670	1.000000e+00
670	671	9.999958e-01
670	-673	5.619133e-26
-670	-683	1.261704e-24
671	672	1.000000e+00
672	673	1.000000e+00
673	674	1.000000e+00
674	675	1.000000e+00
674	-684	1.276920e-20
675	676	1.000000e+00
675	-682	5.532006e-26
-676	-681	5.531979e-26
676	677	1.000000e+00
676	-680	1.136398e-24
676	682	1.262952e-20
-677	681	1.136398e-24
-677	683	2.066570e-20
677	678	1.000000e+00
677	679	3.648630e-31
678	679	1.000000e+00
679	680	1.000000e+00
680	681	1.000000e+00
681	682	1.000000e+00
681	-682	1.434800e-20
681	684	7.320783e-20
682	683	1.000000e+00
-682	684	2.268706e-20
683	684	1.000000e+00
684	685	3.275956e-06
685	686	1.000000e+00
-685	698	1.708900e-11
-685	-736	5.278747e-17
-685	736	7.348619e-11
-685	-1404	7.046579e-07
-685	1634	4.098157e-13
686	687	1.000000e+00
686	-688	3.524243e-24
686	1441	4.569255e-18
687	-688	6.450622e-26
687	688	1.000000e+00
687	-689	2.140232e-24
-687	688	7.575039e-29
-688	689	4.747510e-27
688	-689	1.000000e+00
688	689	3.670252e-21
688	734	4.870650e-29
-689	690	7.821221e-31
-689	734	1.000000e+00
-689	-1386	7.292530e-31
689	690	1.199415e-29
689	734	1.312018e-20
689	-1397	1.488598e-29
690	691	9.999553e-01
690	-705	1.937034e-11
690	745	3.072457e-14
-690	-732	2.250219e-31
-690	-733	1.000000e+00
-691	-744	3.072457e-14
691	692	1.000000e+00
691	738	5.381047e-24
692	693	1.000000e+00
692	770	8.036261e-20
-693	-737	8.036261e-20
693	694	1.000000e+00
693	728	2.132949e-31
693	766	3.052449e-28
694	695	1.000000e+00
694	-712	1.490846e-13
-694	-708	2.132979e-31
-694	-765	3.052449e-28
695	696	1.000000e+00
695	-703	5.462954e-30
695	-705	9.780816e-21
695	-756	1.941749e-20
-696	697	1.106132e-24
-696	-1569	1.079290e-15
696	697	1.000000e+00
696	-705	4.629244e-20
697	-698	3.195941e-21
697	698	1.000000e+00
-698	699	3.195941e-21
698	699	1.000000e+00
699	700	1.000000e+00
700	701	1.000000e+00
700	-1152	1.296197e-18
701	702	1.000000e+00
701	1028	4.869322e-26
702	703	1.000000e+00
702	-705	2.306808e-25
-703	706	2.009830e-25
703	704	1.000000e+00
703	705	2.132833e-31
-704	-1028	6.311285e-27
704	705	1.000000e+00
704	-1029	6.311285e-27
705	706	9.999286e-01
705	707	1.671239e-22
705	-712	1.322521e-05
-706	713	7.878769e-10
-706	722	1.605431e-16
-706	-1052	6.490181e-13
-706	-1055	4.030307e-17
-706	1369	4.111435e-16
-706	-1548	4.220450e-22
-706	1616	1.662207e-19
706	707	1.000000e+00
706	708	2.132837e-31
-707	-762	8.311711e-31
707	708	1.000000e+00
708	709	1.000000e+00
709	710	1.000000e+00
709	-710	1.172007e-28
709	711	2.134739e-31
710	-711	1.151503e-24
710	711	1.000000e+00
711	712	1.000000e+00
711	713	1.271955e-22
711	715	1.149362e-24
711	991	5.466985e-30
-711	984	2.244904e-31
712	713	1.445750e-05
713	714	9.999998e-01
713	-716	5.005799e-13
-713	-716	1.072537e-15
-713	-735	7.494996e-19
-713	-1226	1.647153e-14
-713	-1404	4.409916e-04
-713	1447	3.084094e-21
714	715	1.202905e-21
714	-716	9.999946e-01
714	1429	8.330085e-22
-715	-718	1.000000e+00
-715	-1432	2.531197e-26
715	716	1.000000e+00
715	-718	2.130099e-31
716	-717	2.818252e-26
716	717	9.587419e-26
716	-1226	3.770238e-20
-717	719	1.000000e+00
-717	1469	2.625159e-31
717	718	1.000000e+00
718	719	8.299992e-31
718	-1404	1.189718e-17
-719	-1447	2.928599e-30
719	720	2.128317e-31
719	-736	1.000000e+00
-720	737	1.000000e+00
720	721	1.000000e+00
721	722	1.000000e+00
722	723	1.000000e+00
723	724	1.000000e+00
724	725	1.000000e+00
725	-726	2.422608e-23
725	726	1.000000e+00
725	727	5.407103e-31
726	727	1.000000e+00
-726	727	2.422608e-23
727	728	1.000000e+00
728	729	1.000000e+00
-728	971	1.838308e-20
729	730	1.000000e+00
730	731	1.000000e+00
731	732	1.000000e+00
732	733	1.000000e+00
733	734	1.320771e-30
-734	-1390	1.809358e-26
734	735	1.000000e+00
735	736	1.000000e+00
735	1235	5.381104e-24
735	1402	1.930841e-29
735	1441	3.943849e-17
736	737	2.128317e-31
-736	1403	5.197198e-21
-736	-1404	3.737228e-16
-736	1432	1.120892e-29
737	738	1.000000e+00
737	739	2.540956e-29
737	-891	5.197112e-21
-738	-760	5.197086e-21
738	739	1.000000e+00
739	740	1.000000e+00
740	741	1.000000e+00
741	742	1.000000e+00
741	-1178	2.466882e-27
742	743	1.000000e+00
-742	1179	2.469874e-27
-742	1282	4.558920e-24
743	744	1.000000e+00
744	745	1.000000e+00
745	746	1.000000e+00
746	747	1.000000e+00
746	748	2.132833e-31
747	748	1.000000e+00
747	750	2.132833e-31
-747	-749	2.132833e-31
748	749	1.000000e+00
748	750	3.488136e-31
748	-771	1.977223e-13
-749	751	3.764971e-31
749	750	1.000000e+00
750	-751	3.648673e-31
750	751	1.000000e+00
750	752	2.188474e-31
-751	752	3.648674e-31
751	752	1.000000e+00
752	753	1.000000e+00
752	754	2.132833e-31
-753	-754	2.132833e-31
753	754	1.000000e+00
753	755	2.132833e-31
754	755	1.000000e+00
755	756	9.999979e-01
755	-1015	2.358709e-27
756	757	1.000000e+00
756	1015	4.004332e-30
-756	1016	4.084571e-30
-756	-1111	8.029261e-25
757	758	1.000000e+00
-757	763	1.562551e-29
-757	-1606	8.519283e-17
-758	-766	5.403791e-22
-758	-1176	8.774506e-31
758	759	1.000000e+00
759	760	1.000000e+00
760	761	1.000000e+00
760	765	8.311725e-31
760	-1158	1.642475e-29
761	762	1.000000e+00
762	763	1.000000e+00
763	764	1.000000e+00
764	765	1.000000e+00
765	766	1.000000e+00
766	767	1.000000e+00
767	768	1.000000e+00
767	-769	5.531848e-26
768	769	1.000000e+00
769	770	1.000000e+00
769	771	2.423667e-29
770	771	1.000000e+00
771	888	4.209376e-03
771	1010	1.725875e-01
771	-1328	4.085619e-10
771	1470	8.856063e-16
-772	-794	2.147130e-21
772	773	9.999908e-01
772	774	3.871765e-24
-773	-774	7.576871e-12
-773	-782	2.097101e-20
773	774	1.000000e+00
-774	848	8.747016e-26
774	775	9.999725e-01
774	-789	7.517285e-20
775	776	1.000000e+00
775	777	2.575355e-29
-775	-803	8.232977e-24
776	777	1.000000e+00
777	778	1.000000e+00
778	779	1.000000e+00
778	846	2.132833e-31
-779	-846	2.132833e-31
779	780	1.000000e+00
780	781	1.000000e+00
780	782	3.648630e-31
781	782	1.000000e+00
781	783	2.131143e-31
781	1529	9.449428e-30
-781	-1528	1.161001e-29
782	783	1.000000e+00
782	-804	4.313769e-23
783	784	1.000000e+00
-783	800	2.053184e-23
-783	805	5.633097e-20
784	785	1.000000e+00
784	786	2.130021e-31
785	786	1.000000e+00
-786	787	2.130369e-31
786	787	1.000000e+00
786	-819	2.132833e-31
-787	819	2.132833e-31
787	788	1.000000e+00
787	789	2.129966e-31
788	789	1.000000e+00
789	790	1.000000e+00
-790	791	3.268199e-30
-790	795	5.007942e-29
790	791	1.000000e+00
790	795	3.268194e-30
791	792	1.000000e+00
792	793	1.000000e+00
793	794	1.000000e+00
793	-803	2.133543e-31
793	-1644	2.191849e-31
794	795	1.000000e+00
794	849	7.627235e-29
-794	-807	2.129965e-31
-794	-1332	4.356420e-17
795	796	1.000000e+00
795	-796	5.403791e-22
796	797	1.000000e+00
-796	797	5.403791e-22
797	798	1.000000e+00
798	799	1.000000e+00
798	800	8.737556e-26
798	-804	2.815213e-24
798	-814	9.363214e-31
-799	808	2.128281e-31
799	800	9.998446e-01
799	804	8.752093e-26
800	801	1.000000e+00
800	805	3.676241e-21
-800	804	2.053241e-23
-800	805	6.794335e-15
-801	802	2.132882e-31
801	802	1.000000e+00
801	803	5.044012e-30
801	-804	1.079464e-24
802	803	1.000000e+00
802	804	7.729147e-29
803	804	1.000000e+00
803	-847	3.268266e-30
804	805	9.997464e-01
805	806	1.000000e+00
805	821	2.188406e-31
-805	808	2.148028e-21
-805	-810	2.090052e-21
-805	811	8.677186e-20
-805	816	4.437218e-22
806	807	1.000000e+00
806	811	2.476713e-31
-807	875	2.446183e-23
807	808	1.000000e+00
807	812	2.238950e-31
808	809	1.000000e+00
809	810	1.000000e+00
810	811	1.000000e+00
811	812	1.000000e+00
812	813	1.000000e+00
813	814	1.000000e+00
813	-876	3.525183e-22
-814	815	5.404030e-22
814	815	1.000000e+00
815	816	1.000000e+00
-816	-824	4.190699e-30
816	817	1.000000e+00
816	818	1.950319e-23
817	818	1.000000e+00
818	819	1.000000e+00
818	820	2.132833e-31
819	820	1.000000e+00
819	-821	2.128257e-31
819	-844	2.128278e-31
820	821	1.000000e+00
821	-822	2.128257e-31
821	822	1.000000e+00
-821	823	2.128257e-31
822	823	1.000000e+00
823	824	1.000000e+00
824	825	1.000000e+00
824	828	4.003808e-30
824	-829	8.029262e-25
824	-848	1.563046e-29
825	826	1.000000e+00
826	827	1.000000e+00
826	-828	2.131296e-31
827	828	1.000000e+00
827	833	5.070998e-30
-828	-876	5.669840e-22
828	829	1.000000e+00
829	830	1.000000e+00
829	833	4.639192e-30
-829	833	8.029493e-25
830	831	1.000000e+00
830	832	3.478837e-30
830	833	5.084334e-30
831	-832	7.905358e-29
831	832	1.000000e+00
831	833	7.602045e-29
-832	834	3.722091e-30
832	833	1.000000e+00
833	834	1.000000e+00
833	835	3.648641e-31
834	835	1.000000e+00
835	836	1.000000e+00
835	-836	4.184928e-31
835	837	2.422939e-23
835	839	6.350089e-31
835	-865	3.861810e-31
-836	837	4.184678e-31
836	837	1.000000e+00
836	-838	2.631161e-31
836	838	3.961646e-27
836	842	2.631221e-31
-837	839	3.402409e-31
837	-838	3.939333e-31
837	838	1.000000e+00
837	839	3.939087e-31
-838	839	3.649394e-27
838	839	1.000000e+00
-839	851	2.527362e-31
839	840	1.000000e+00
840	841	1.000000e+00
840	-873	2.193341e-31
841	842	1.000000e+00
841	843	5.043909e-30
842	843	1.000000e+00
-843	-859	2.128287e-31
843	844	1.000000e+00
843	1182	4.977595e-30
844	845	1.000000e+00
-844	-1183	4.977644e-30
845	846	1.000000e+00
845	847	2.132833e-31
846	847	1.000000e+00
847	848	1.000000e+00
848	849	1.000000e+00
848	-851	8.321389e-31
848	-876	2.170369e-23
849	850	1.000000e+00
849	-852	2.128293e-31
-850	853	2.128266e-31
850	851	1.000000e+00
850	862	2.129958e-31
851	852	1.000000e+00
851	-863	2.134704e-31
852	853	1.000000e+00
852	854	3.648630e-31
853	854	1.000000e+00
854	855	1.000000e+00
854	856	3.648630e-31
855	856	1.000000e+00
856	857	1.000000e+00
856	858	2.128268e-31
857	858	1.000000e+00
858	859	1.000000e+00
859	860	1.000000e+00
860	861	1.000000e+00
860	862	2.131618e-31
-860	876	2.128330e-31
861	862	1.000000e+00
862	863	1.000000e+00
862	865	2.132837e-31
-863	864	5.043859e-30
863	864	1.000000e+00
863	-869	5.043909e-30
863	870	2.247412e-31
-864	-874	2.235464e-23
864	865	1.000000e+00
864	-954	3.392274e-31
-865	954	2.128257e-31
865	866	1.000000e+00
866	867	1.000000e+00
867	868	1.000000e+00
868	869	1.000000e+00
868	870	2.128282e-31
869	870	1.000000e+00
870	871	9.999918e-01
870	872	5.703881e-27
870	-874	6.712846e-20
-870	-875	2.132859e-31
871	872	1.000000e+00
872	873	1.000000e+00
-873	907	1.932231e-24
873	874	1.000000e+00
873	903	1.308235e-24
874	-875	1.067356e-26
874	875	9.999809e-01
-874	1369	1.841832e-20
875	876	1.000000e+00
-875	876	1.067356e-26
-875	-1131	4.245446e-20
-877	1276	8.685799e-21
-877	-1276	5.637070e-10
877	878	1.000000e+00
878	879	1.635086e-13
878	-879	9.999992e-01
878	880	1.226036e-16
-879	880	9.999992e-01
879	880	1.648483e-13
880	881	2.662434e-25
880	-882	9.998770e-01
880	883	2.662424e-25
880	896	5.601247e-20
880	-906	5.417695e-16
880	-1258	2.690473e-11
881	882	1.433532e-21
881	897	1.000000e+00
-881	883	1.000000e+00
-881	-887	6.684210e-27
882	883	2.662509e-25
882	-895	5.342926e-20
882	-1257	5.181812e-12
-882	-896	1.000000e+00
883	884	1.000000e+00
884	885	1.000000e+00
885	886	1.000000e+00
885	-886	4.977588e-30
-886	887	4.977588e-30
886	887	1.000000e+00
887	888	7.371551e-08
888	889	1.000000e+00
888	-907	8.105692e-17
888	-1576	2.758282e-15
889	890	1.000000e+00
889	-890	2.422601e-23
-889	901	2.131288e-31
-889	-1252	3.052449e-28
-890	891	2.422601e-23
890	891	1.000000e+00
891	892	1.000000e+00
892	893	1.000000e+00
892	894	3.648631e-31
892	895	2.132870e-31
-893	-1255	2.132842e-31
893	894	1.000000e+00
894	895	1.000000e+00
894	1256	2.132833e-31
894	1532	8.485415e-31
-894	-958	2.128465e-31
895	896	1.000000e+00
896	897	1.433532e-21
897	898	1.000000e+00
898	899	1.000000e+00
899	900	1.000000e+00
-900	990	2.128278e-31
900	901	1.000000e+00
901	902	1.000000e+00
902	-903	5.381039e-24
902	903	1.000000e+00
902	-907	4.183744e-11
903	904	1.000000e+00
-903	904	8.476644e-25
904	905	1.000000e+00
904	906	4.001104e-30
-904	-907	1.236970e-15
905	906	9.999979e-01
906	907	1.000000e+00
906	1258	2.111154e-16
-906	-1593	3.897034e-16
907	908	4.453386e-05
907	-1501	2.088956e-06
-908	915	1.233252e-18
-908	927	4.095099e-15
-908	-1175	4.239943e-18
-908	-1508	6.285993e-20
908	909	1.000000e+00
908	-1391	2.982770e-28
-909	917	3.052449e-28
909	910	1.000000e+00
909	1081	3.648630e-31
-910	-1082	3.648630e-31
910	-911	3.268194e-30
910	911	1.000000e+00
-911	912	3.268194e-30
911	912	1.000000e+00
912	913	1.000000e+00
913	914	1.000000e+00
914	915	1.000000e+00
914	-927	4.558628e-24
914	-982	2.740167e-23
915	916	1.000000e+00
915	924	5.381039e-24
916	917	1.000000e+00
916	1509	2.232241e-31
-916	920	5.007904e-29
-916	-923	8.476644e-25
917	918	1.000000e+00
918	919	1.000000e+00
918	920	2.131143e-31
918	-1298	3.648630e-31
-919	1298	3.653515e-31
919	920	1.000000e+00
920	921	1.000000e+00
920	922	3.648630e-31
921	922	1.000000e+00
922	923	1.000000e+00
923	924	1.000000e+00
924	925	1.000000e+00
925	926	1.000000e+00
926	927	1.000000e+00
927	928	1.000000e+00
928	929	1.000000e+00
928	-944	1.119213e-16
-928	1187	7.627372e-29
929	930	1.000000e+00
929	933	4.752374e-29
930	-931	2.132833e-31
930	931	1.000000e+00
-930	-934	4.752374e-29
-931	932	2.132833e-31
931	932	1.000000e+00
932	933	1.000000e+00
933	934	1.000000e+00
933	938	2.132833e-31
-934	-938	2.132833e-31
934	935	1.000000e+00
-935	944	4.752374e-29
935	936	1.000000e+00
936	937	1.000000e+00
937	938	1.000000e+00
937	939	2.132833e-31
938	939	1.000000e+00
939	940	1.000000e+00
940	941	1.000000e+00
941	942	1.000000e+00
941	943	3.648630e-31
942	-943	2.129946e-31
942	943	1.000000e+00
943	944	1.000000e+00
943	-1569	1.113629e-25
-943	944	2.129973e-31
944	1154	3.145085e-19
944	1623	1.935755e-14
945	946	1.000000e+00
-945	961	1.000000e+00
-945	1006	1.344695e-29
946	947	1.000000e+00
946	983	2.250814e-15
946	-1040	5.381039e-24
-947	-970	1.273933e-15
-947	-974	2.250790e-15
947	-948	2.422601e-23
947	948	1.000000e+00
-948	949	2.422601e-23
948	949	1.000000e+00
949	950	1.000000e+00
949	962	1.325904e-30
950	951	1.000000e+00
951	952	1.000000e+00
-952	1027	8.325857e-31
952	953	1.000000e+00
953	954	1.000000e+00
953	-956	3.399607e-31
954	955	1.000000e+00
954	-956	2.422628e-23
-954	957	3.399607e-31
-955	957	2.422628e-23
955	956	1.000000e+00
956	957	1.000000e+00
957	958	1.000000e+00
-958	996	4.752381e-29
-958	1509	2.174452e-31
958	959	1.000000e+00
958	-979	9.209401e-20
959	960	7.171068e-17
959	961	2.662895e-31
959	986	1.000000e+00
960	961	1.515218e-20
960	980	4.817944e-09
960	-984	4.225990e-02
-960	-972	8.194988e-13
-960	-974	9.163478e-07
-960	985	1.378817e-06
961	962	1.000000e+00
961	973	9.461244e-23
-962	979	9.461276e-23
-962	-1005	9.450208e-29
962	963	1.000000e+00
963	964	1.000000e+00
963	-964	2.132833e-31
964	965	1.000000e+00
-964	966	2.132833e-31
965	966	1.000000e+00
966	-967	2.132833e-31
966	967	1.000000e+00
-967	968	2.132833e-31
967	968	1.000000e+00
968	969	1.000000e+00
968	1106	3.052501e-28
969	970	1.000000e+00
-969	-994	3.052449e-28
970	971	9.999812e-01
970	-984	1.376182e-11
-971	-979	3.491802e-10
971	972	1.000000e+00
971	974	3.940094e-27
972	973	1.000000e+00
-972	992	3.648672e-31
973	974	1.000000e+00
973	-979	5.518093e-16
973	-991	3.940147e-27
-974	1251	5.580789e-23
974	975	1.815899e-10
974	977	4.776996e-17
974	983	9.999191e-01
974	1064	6.109091e-20
-975	980	3.805774e-12
-975	-982	9.992825e-01
-975	986	6.865702e-25
975	976	1.000000e+00
975	985	9.946459e-18
976	977	1.000000e+00
976	978	6.794135e-31
976	980	4.177981e-16
976	-1000	3.945780e-27
-976	-978	2.422671e-23
-976	-984	2.382901e-25
977	978	1.000000e+00
-977	998	3.940205e-27
978	979	1.000000e+00
979	980	9.987138e-01
979	981	1.096467e-19
979	-982	1.373312e-13
980	981	1.000000e+00
980	-981	5.403901e-22
-980	-985	1.695088e-05
-980	-1383	2.896988e-20
-980	-1501	2.109058e-09
-980	-1604	9.582722e-10
-981	982	5.403930e-22
981	982	1.000000e+00
982	983	1.816058e-10
-983	-985	6.073335e-07
-983	1112	6.109067e-20
-983	-1646	1.545680e-14
983	984	1.000000e+00
983	-984	2.676839e-20
-984	-985	2.032824e-15
984	985	9.577191e-01
985	986	1.885718e-16
986	987	1.000000e+00
986	988	2.132858e-31
987	988	1.000000e+00
987	989	2.132833e-31
-987	990	2.132859e-31
988	989	1.000000e+00
988	-989	2.132833e-31
989	990	1.000000e+00
990	991	1.000000e+00
991	-992	1.304627e-30
991	992	1.000000e+00
992	993	1.000000e+00
993	994	1.000000e+00
-994	-1009	2.709092e-21
994	995	1.000000e+00
994	1001	2.134339e-31
995	996	1.000000e+00
-995	999	3.052449e-28
-995	1008	2.441111e-26
996	997	1.000000e+00
997	998	1.000000e+00
997	1001	3.653790e-31
998	999	1.000000e+00
999	1000	1.000000e+00
1000	1001	1.000000e+00
1000	-1004	3.052501e-28
1001	1002	1.000000e+00
1001	-1002	2.132833e-31
-1001	1005	3.052501e-28
-1002	1004	2.132833e-31
1002	1003	1.000000e+00
1003	1004	1.000000e+00
1004	1005	1.000000e+00
1005	1006	1.000000e+00
1005	-1007	1.886940e-09
1005	1008	9.294772e-25
-1006	1008	8.901697e-25
-1006	-1008	1.466500e-13
1006	1007	1.000000e+00
1007	-1008	2.158007e-01
1007	1008	9.535336e-02
1007	1009	1.085544e-20
-1008	1009	8.091311e-01
1008	1009	1.130787e-03
1009	-1556	7.045660e-12
1009	1605	4.606940e-11
-1010	1532	7.657775e-17
1010	1011	1.000000e+00
1010	1032	6.005916e-26
1011	1012	1.000000e+00
1011	-1026	4.977589e-30
1012	1013	1.000000e+00
1012	-1016	1.279808e-24
1013	1014	1.000000e+00
1013	1015	7.875873e-31
1013	-1032	4.035278e-11
-1014	-1606	5.207732e-14
1014	1015	1.000000e+00
1015	1016	1.000000e+00
1015	-1179	3.770831e-31
1015	-1539	3.668725e-20
-1015	1021	2.135230e-31
-1015	-1606	3.607865e-17
1016	1017	1.000000e+00
1016	1018	4.554311e-22
1016	-1605	5.094128e-21
-1016	1021	5.043913e-30
-1016	-1170	2.751565e-31
-1017	-1030	3.830815e-16
-1017	1606	3.941960e-21
1017	1018	1.000000e+00
1018	1019	1.000000e+00
1018	1026	9.070330e-18
1018	-1032	1.987067e-17
1018	-1536	8.318297e-31
1019	1020	1.000000e+00
-1019	-1026	8.320661e-31
-1019	1028	1.149295e-24
1020	1021	1.000000e+00
1021	1022	1.000000e+00
1021	-1030	8.744779e-26
-1022	-1030	8.744709e-26
-1022	1031	8.745936e-26
1022	1023	1.000000e+00
1023	1024	1.000000e+00
-1023	-1032	2.231781e-12
1024	-1025	7.945226e-12
1024	1025	1.000000e+00
1024	1026	1.969950e-12
1025	1026	9.238726e-01
1025	-1030	3.362687e-11
-1025	1026	6.687762e-12
1026	1027	1.000000e+00
-1026	-1027	8.773304e-14
-1026	-1030	1.403255e-09
-1026	1031	4.487996e-09
-1027	-1032	5.760084e-16
1027	1028	1.000000e+00
1027	-1031	2.675021e-20
1027	-1032	5.634797e-12
1028	-1029	9.999992e-01
1028	1029	6.701719e-13
1029	1030	6.701719e-13
-1029	1030	9.999954e-01
1030	1031	9.999812e-01
1031	1032	1.000000e+00
-1031	-1032	2.149458e-07
1032	1033	3.755059e-03
-1032	-1488	7.461466e-25
-1033	1034	3.318549e-21
-1033	-1041	2.342341e-21
-1033	-1052	3.755440e-06
-1033	-1155	5.785432e-06
-1033	-1403	2.335665e-13
1033	1034	1.000000e+00
1033	1054	2.128285e-31
1033	-1057	2.239890e-31
1034	1035	1.093804e-24
1034	-1037	1.000000e+00
1034	-1161	1.434896e-20
1035	1036	1.000000e+00
1035	1038	5.593761e-31
1035	-1055	2.612900e-26
-1035	1036	2.173502e-26
-1035	-1055	1.000000e+00
-1036	-1054	4.652255e-31
-1036	-1055	1.262916e-23
-1036	1064	4.348962e-28
-1036	1359	3.944849e-27
1036	1037	1.000000e+00
1037	1038	1.116265e-29
1037	-1055	2.283649e-25
1037	1055	5.532060e-26
1037	1057	6.335958e-30
1037	-1063	6.813198e-30
1038	1039	3.386173e-31
1038	1056	1.000000e+00
1038	-1057	4.752436e-29
-1038	1039	1.000000e+00
-1038	1057	3.005115e-31
-1039	1056	2.350209e-31
-1039	-1056	2.915284e-31
1039	1040	1.000000e+00
1040	1041	1.000000e+00
-1040	1056	2.174440e-31
-1041	1611	3.844205e-22
1041	-1042	2.132857e-31
1041	1042	1.000000e+00
1042	1043	1.000000e+00
-1042	1043	2.132858e-31
-1043	1055	2.188400e-31
1043	-1044	2.132857e-31
1043	1044	1.000000e+00
1044	1045	1.000000e+00
-1044	1045	2.132858e-31
-1044	-1056	2.188400e-31
1045	-1046	2.422601e-23
1045	1046	1.000000e+00
1045	1047	5.407070e-31
1046	1047	1.000000e+00
-1046	1047	2.422601e-23
1047	1048	1.000000e+00
1048	1049	1.000000e+00
1049	1050	1.000000e+00
1050	1051	1.000000e+00
-1050	1297	3.052449e-28
1051	1052	1.000000e+00
1052	1053	9.999092e-01
1052	1060	2.226424e-16
1053	1054	1.000000e+00
1053	-1573	3.268194e-30
-1053	1054	1.735130e-21
-1053	-1059	1.568961e-16
-1053	1298	2.658813e-20
-1053	-1369	1.360775e-24
-1053	-1441	1.049541e-11
-1053	1613	4.198349e-22
1054	-1055	1.685852e-27
1054	1055	1.000000e+00
1055	1056	8.660231e-27
1055	1439	1.112362e-15
1056	1057	1.000000e+00
1057	1058	1.000000e+00
1058	1059	1.000000e+00
1058	-1061	2.131650e-31
1059	1060	1.000000e+00
-1059	-1063	2.176160e-31
1060	1061	1.000000e+00
1061	1062	1.000000e+00
1061	1063	2.131855e-31
1062	1063	1.000000e+00
1063	1064	1.000000e+00
1063	-1071	1.453019e-15
-1064	1372	2.756714e-26
1064	1065	1.000000e+00
1065	1066	1.000000e+00
1066	1067	1.000000e+00
1067	1068	1.000000e+00
1068	1069	1.000000e+00
1068	1070	2.132833e-31
-1068	-1404	2.154288e-15
1069	1070	1.000000e+00
1070	1071	1.000000e+00
1071	1072	1.068451e-09
1072	1073	1.000000e+00
1072	1074	7.910540e-29
1072	-1075	3.195967e-21
-1072	1115	8.104341e-23
-1072	-1117	1.895878e-21
-1073	1117	3.195946e-21
1073	1074	1.000000e+00
1073	1082	8.029261e-25
1074	1075	1.000000e+00
-1074	-1117	1.563195e-29
-1074	-1570	8.029264e-25
1075	1076	8.311972e-31
1075	-1087	9.278462e-27
1075	-1117	1.000000e+00
1076	1077	1.000000e+00
1076	1078	2.129973e-31
-1076	1118	1.000000e+00
1077	1078	1.000000e+00
1078	1079	1.000000e+00
1078	1119	2.240671e-31
1078	-1478	4.752474e-29
-1079	-1083	2.446828e-31
1079	1080	1.000000e+00
-1080	1084	8.788092e-31
1080	1081	1.000000e+00
1080	1083	3.648630e-31
1081	1082	1.000000e+00
1082	1083	1.000000e+00
1083	1084	1.000000e+00
1083	-1097	2.174448e-31
1084	-1085	3.268199e-30
1084	1085	1.000000e+00
-1085	-1392	1.946568e-29
1085	1086	1.000000e+00
1085	-1392	2.982780e-28
-1086	1597	4.558712e-24
1086	1087	1.000000e+00
1086	-1150	8.322452e-31
1086	-1456	8.029666e-25
-1087	1151	8.322452e-31
1087	1088	9.999959e-01
1088	1089	1.000000e+00
1088	1090	3.648630e-31
1089	1090	1.000000e+00
1090	1091	1.000000e+00
1091	1092	1.000000e+00
1091	1095	2.240313e-31
1092	1093	1.000000e+00
1093	1094	1.000000e+00
1093	-1331	7.728819e-29
1093	-1332	4.941733e-16
1094	1095	1.000000e+00
-1095	-1336	1.854990e-15
1095	1096	1.000000e+00
1096	1097	1.000000e+00
1097	1098	1.000000e+00
1098	1099	1.000000e+00
-1098	-1117	8.318643e-31
1099	1100	1.000000e+00
1100	1101	1.000000e+00
1101	1102	1.000000e+00
1101	1104	2.130435e-31
1101	1575	1.172278e-28
1102	1103	1.000000e+00
1102	1573	1.838298e-20
-1102	1103	4.753486e-29
1103	1104	1.000000e+00
-1103	1116	2.129958e-31
1104	1105	1.000000e+00
1104	1108	2.128260e-31
1104	-1115	2.128278e-31
1105	1106	1.000000e+00
1105	1107	3.653795e-31
1106	1107	1.000000e+00
1107	1108	1.000000e+00
1108	1109	1.000000e+00
1109	-1110	1.356563e-20
1109	1110	9.999979e-01
-1109	1479	4.752374e-29
1110	1111	9.999979e-01
1111	1112	1.000000e+00
1112	1113	1.000000e+00
1113	1114	1.000000e+00
1113	-1382	5.403791e-22
1114	1115	1.000000e+00
1114	-1489	3.648672e-31
1115	1116	1.000000e+00
-1115	1117	8.705574e-31
-1115	1489	3.653559e-31
1116	-1117	5.403799e-22
1116	1117	1.000000e+00
1117	1118	8.312000e-31
1118	1119	1.000000e+00
1119	1120	1.000000e+00
1120	1121	1.000000e+00
1121	1122	1.000000e+00
1121	1123	2.132833e-31
-1122	-1130	2.132833e-31
1122	1123	1.000000e+00
1122	1131	2.132833e-31
1123	1124	1.000000e+00
1124	1125	1.000000e+00
1125	1126	1.000000e+00
1126	1127	1.000000e+00
1126	-1128	2.132837e-31
-1127	1128	2.132833e-31
1127	1128	1.000000e+00
1127	1129	2.132837e-31
1128	1129	1.000000e+00
1129	1130	1.000000e+00
1130	1131	1.000000e+00
1131	1132	1.000000e+00
1131	1369	2.020013e-16
1132	1133	1.000000e+00
-1132	1568	2.205912e-18
-1133	-1436	2.239890e-31
1133	1134	1.000000e+00
1134	1135	1.000000e+00
1134	-1146	3.195941e-21
1135	1136	1.000000e+00
-1135	1147	3.195941e-21
1136	1137	1.000000e+00
1136	1138	3.648630e-31
1137	1138	1.000000e+00
1138	1139	1.000000e+00
1139	1140	1.000000e+00
1139	1141	3.940094e-27
1139	-1152	2.578314e-16
1140	1141	1.000000e+00
1141	1142	1.000000e+00
1142	1143	1.000000e+00
1142	-1152	3.145148e-19
1143	1144	1.000000e+00
-1143	1144	5.515476e-30
-1144	1343	4.558628e-24
1144	-1145	2.424517e-23
1144	1145	1.000000e+00
1144	1229	4.268819e-25
-1145	1146	2.424517e-23
1145	1146	1.000000e+00
1146	1147	1.000000e+00
1147	1148	1.000000e+00
1147	1149	3.648630e-31
1148	1149	1.000000e+00
1149	1150	1.000000e+00
1149	1151	4.978622e-30
-1150	1363	2.132833e-31
1150	1151	1.000000e+00
1150	-1152	1.335750e-20
1150	-1362	4.978622e-30
-1151	1152	4.464022e-30
1151	1152	1.000000e+00
1152	1233	2.512514e-14
1152	-1571	6.936922e-19
-1153	1156	6.771364e-06
-1153	1161	1.777023e-12
-1153	1172	3.773131e-25
-1153	-1438	2.106282e-24
-1153	1605	4.408064e-17
1153	1154	1.000000e+00
1153	-1606	7.382323e-16
1154	1155	1.000000e+00
1155	1156	5.470188e-03
1155	1605	2.881968e-05
1155	-1606	7.733031e-03
1156	1157	1.000000e+00
1156	1161	1.986911e-25
1156	1165	2.132859e-31
-1156	1158	4.103614e-19
-1156	1161	8.200539e-05
-1156	-1164	1.766004e-20
-1156	1180	1.320890e-21
-1157	1159	4.373932e-30
-1157	1164	7.788634e-22
-1157	-1171	1.046623e-30
1157	1158	1.000000e+00
1157	1159	3.995181e-30
1158	1159	1.000000e+00
1158	1175	3.073775e-20
-1158	-1160	1.654662e-25
1159	1160	1.000000e+00
1159	1619	8.477389e-31
-1159	-1162	2.249037e-20
1160	1161	9.998612e-01
1160	-1179	9.946872e-18
1160	-1606	1.194267e-06
1161	1162	1.000000e+00
1161	1164	2.020100e-16
-1161	1164	2.960074e-14
1162	1163	1.000000e+00
1163	-1164	8.737774e-26
1163	1164	9.999876e-01
1164	1165	1.000000e+00
-1164	1165	8.737713e-26
1165	1166	1.000000e+00
1165	-1167	2.132833e-31
1165	1168	2.128257e-31
-1166	1168	2.132833e-31
1166	1167	1.000000e+00
1167	1168	1.000000e+00
1168	1169	1.000000e+00
1168	-1180	2.422628e-23
1168	-1194	3.392280e-31
-1169	1195	2.625039e-31
1169	1170	1.000000e+00
1170	1171	1.000000e+00
1170	1623	1.364331e-24
1171	1172	1.000000e+00
1171	1177	1.339201e-30
1172	1173	1.000000e+00
-1172	1181	9.461382e-23
1173	1174	1.000000e+00
1174	1175	9.999948e-01
-1175	-1610	8.235810e-18
1175	1176	1.000000e+00
-1176	-1633	5.446379e-23
1176	1177	1.000000e+00
1177	1178	1.000000e+00
-1177	-1606	4.544129e-17
1178	1179	9.999959e-01
1179	1180	1.000000e+00
1179	1181	5.418852e-31
1179	1187	1.399537e-30
-1179	1437	2.678071e-27
-1180	-1181	7.934068e-30
1180	1181	1.000000e+00
1180	1184	7.934069e-30
1181	1182	1.000000e+00
1182	1183	1.000000e+00
1182	-1193	8.898612e-31
1182	1605	4.696736e-25
1183	1184	1.000000e+00
-1183	-1184	8.790328e-31
-1183	1195	8.821798e-31
-1184	1194	8.759050e-31
1184	1185	1.000000e+00
1185	1186	1.000000e+00
1185	-1205	5.404896e-22
1185	-1626	2.450371e-30
1186	1187	1.000000e+00
-1186	1206	5.406254e-22
-1186	1561	7.627910e-29
-1186	1627	1.896534e-30
1187	1188	1.000000e+00
1187	-1190	2.132833e-31
1188	1189	1.000000e+00
1188	1274	2.132837e-31
-1188	-1273	2.132837e-31
-1189	1190	2.132833e-31
1189	1190	1.000000e+00
1189	1193	2.132833e-31
1190	1191	1.000000e+00
-1191	-1193	2.132833e-31
1191	1192	1.000000e+00
1192	1193	1.000000e+00
1192	1194	2.132833e-31
1193	1194	1.000000e+00
1194	1195	1.000000e+00
1195	1196	1.000000e+00
1195	-1197	2.132833e-31
1196	1197	1.000000e+00
1196	1198	2.132833e-31
-1196	1197	2.132833e-31
1197	1198	1.000000e+00
1198	1199	1.000000e+00
1198	-1204	2.422601e-23
-1199	1205	2.422601e-23
1199	1200	1.000000e+00
1200	1201	1.000000e+00
1201	1202	1.000000e+00
1201	1203	2.132833e-31
1202	1203	1.000000e+00
1202	1204	2.132833e-31
-1202	-1203	2.132833e-31
1203	1204	1.000000e+00
1204	1205	1.000000e+00
1205	1206	1.000000e+00
1206	1207	1.000000e+00
1207	1208	1.000000e+00
1208	1209	1.000000e+00
1208	-1618	7.728831e-29
1209	1210	1.000000e+00
-1209	1561	7.728773e-29
1210	1211	1.000000e+00
1211	1212	5.495828e-12
1211	1213	1.079649e-26
1211	1618	9.999992e-01
-1212	1214	4.256686e-20
-1212	-1215	3.444839e-25
-1212	-1220	1.826266e-01
-1212	1352	3.636350e-25
-1212	1614	1.389159e-02
1212	1213	1.000000e+00
1212	-1351	3.648630e-31
1213	1214	1.000000e+00
1213	-1220	4.256619e-20
1214	1215	4.321251e-12
1214	-1220	2.015575e-02
1214	1608	1.787914e-23
1214	-1610	5.259583e-16
1214	1612	3.798875e-07
1214	1614	9.188184e-01
1214	-1617	5.677755e-13
-1215	1221	9.999992e-01
1215	1216	1.000000e+00
1216	1217	1.000000e+00
1216	-1217	5.043852e-30
-1217	1218	5.043852e-30
1217	1218	1.000000e+00
1218	1219	1.000000e+00
1219	1220	1.000000e+00
1220	1221	5.495857e-12
1221	1222	1.000000e+00
1222	1223	1.000000e+00
1222	1225	9.293111e-29
1223	1224	1.000000e+00
1224	1225	1.000000e+00
1225	1226	1.000000e+00
1225	1227	9.456763e-30
1226	1227	1.000000e+00
-1227	-1615	4.558706e-24
1227	1228	1.000000e+00
1228	-1607	3.376298e-14
1229	1230	1.000000e+00
-1229	1230	1.172129e-21
-1229	1233	6.507079e-18
-1229	-1233	8.324274e-01
-1229	-1281	2.225769e-15
-1229	-1487	2.962291e-12
-1229	1611	9.945860e-18
1230	1231	1.000000e+00
1230	-1253	3.052449e-28
1231	-1232	1.000000e+00
1231	1232	3.272200e-17
1231	1234	4.301461e-26
-1231	1254	3.052449e-28
-1232	1233	1.849768e-13
-1232	1234	9.999989e-01
1232	1233	5.002774e-11
1232	1234	2.784239e-26
-1233	1262	3.585078e-24
1233	1234	5.910637e-08
1233	-1275	1.399023e-25
1234	1235	1.000000e+00
1234	-1236	2.131712e-31
1234	1253	3.052449e-28
1235	1236	1.000000e+00
1235	1237	2.128330e-31
1236	1237	1.000000e+00
1236	-1237	2.132833e-31
-1237	1238	2.132833e-31
1237	1238	1.000000e+00
1238	1239	1.000000e+00
1238	1240	2.131310e-31
1238	-1565	5.043938e-30
1239	1240	1.000000e+00
1239	1565	3.170516e-23
1240	1241	1.000000e+00
1240	1242	2.132837e-31
1241	1242	1.000000e+00
1242	1243	1.000000e+00
1242	1252	2.128257e-31
1243	1244	4.226012e-12
1243	-1258	3.375292e-08
1243	1258	3.824314e-01
1244	1245	1.000000e+00
-1244	1258	1.820219e-21
-1244	1259	9.999992e-01
1245	1246	1.000000e+00
1246	1247	1.000000e+00
1247	1248	1.000000e+00
1248	1249	1.000000e+00
1249	1250	1.000000e+00
1250	1251	1.000000e+00
-1250	1493	2.128300e-31
1251	1252	1.000000e+00
1252	1253	1.000000e+00
1253	1254	1.000000e+00
1254	1255	1.000000e+00
1255	1256	1.000000e+00
1256	1257	1.000000e+00
1257	-1258	5.316189e-02
1257	1258	5.846858e-01
-1257	-1261	4.752374e-29
1258	1259	4.198978e-12
1259	1260	1.000000e+00
1260	1261	1.000000e+00
1261	1262	1.000000e+00
1262	1263	1.000000e+00
1262	1264	2.132833e-31
-1262	1357	4.752374e-29
1263	1264	1.000000e+00
1263	1265	2.132833e-31
-1263	-1264	2.132833e-31
1264	1265	1.000000e+00
1265	1266	1.000000e+00
1266	1267	1.000000e+00
1267	1268	1.000000e+00
1267	1269	3.392307e-31
1267	-1276	1.108996e-16
1268	1269	1.000000e+00
1269	1270	1.000000e+00
1270	1271	1.000000e+00
1271	-1272	3.648630e-31
1271	1272	1.000000e+00
-1271	-1566	7.986853e-29
-1272	1273	3.648630e-31
1272	1273	1.000000e+00
1273	1274	1.000000e+00
1274	1275	1.000000e+00
1275	1276	1.000000e+00
1275	-1276	1.384205e-20
1276	-1410	8.057365e-19
1277	1278	1.105977e-09
1277	-1336	1.156463e-06
1277	-1380	2.103102e-17
-1277	1278	1.000000e+00
-1277	-1336	4.511418e-15
1278	1279	1.000000e+00
-1278	-1301	1.000117e-19
1279	1280	1.000000e+00
1280	1281	1.000000e+00
1281	1282	1.000000e+00
1282	1283	1.000000e+00
1282	1503	3.648630e-31
1283	1284	1.000000e+00
1283	1286	3.648630e-31
-1283	1337	9.408795e-31
-1283	-1503	3.648630e-31
1284	1285	1.000000e+00
1285	1286	1.000000e+00
1286	1287	1.000000e+00
1286	1288	3.648630e-31
1287	1288	1.000000e+00
1288	1289	1.000000e+00
1289	1290	1.000000e+00
1290	1291	1.000000e+00
1290	1293	3.648713e-31
1291	1292	1.000000e+00
-1291	1491	3.648672e-31
1292	1293	1.000000e+00
1292	-1490	3.648672e-31
1293	1294	1.000000e+00
1293	1295	3.648714e-31
1294	1295	1.000000e+00
-1295	1300	2.250275e-31
1295	1296	1.000000e+00
1296	1297	1.000000e+00
1296	1302	5.381039e-24
1297	1298	1.000000e+00
1297	1299	3.653515e-31
1298	1299	1.000000e+00
1298	-1328	1.368519e-22
1299	1300	1.000000e+00
1300	1301	1.000000e+00
1300	1340	4.752374e-29
1301	1302	1.000000e+00
-1301	1304	4.752374e-29
1302	1303	1.000000e+00
1302	-1332	2.916235e-12
1303	1304	1.000000e+00
1304	1305	1.000000e+00
1305	1306	1.000000e+00
1305	-1328	6.038607e-23
1306	1307	1.000000e+00
1306	1308	2.132833e-31
-1307	-1310	2.132833e-31
1307	1308	1.000000e+00
1307	-1313	2.132833e-31
1308	1309	1.000000e+00
1308	1310	2.132855e-31
1309	1310	1.000000e+00
1310	1311	1.000000e+00
1311	1312	1.000000e+00
-1311	1314	2.132833e-31
1312	1313	1.000000e+00
1313	1314	1.000000e+00
1314	1315	1.000000e+00
1315	1316	1.000000e+00
1316	1317	1.000000e+00
1317	1318	1.000000e+00
1317	1319	2.128280e-31
1318	1319	1.000000e+00
1319	1320	1.000000e+00
1320	1321	1.000000e+00
-1320	-1322	4.752625e-29
1321	1322	1.000000e+00
-1321	1323	4.752633e-29
1322	1323	1.000000e+00
1323	1324	1.000000e+00
1324	1325	1.000000e+00
1324	-1327	2.128257e-31
1325	1326	1.000000e+00
1325	-1328	5.476665e-22
-1326	1328	2.128257e-31
1326	1327	1.000000e+00
1326	-1327	2.132833e-31
1327	1328	1.000000e+00
-1327	1328	2.132833e-31
-1329	-1335	9.999993e-01
1329	1330	9.999959e-01
1330	1331	1.000000e+00
1330	1332	5.043852e-30
1331	1332	1.000000e+00
1331	-1368	8.757303e-26
1331	-1380	7.308881e-31
-1331	-1332	3.224990e-17
-1331	1334	9.408826e-31
1332	-1333	1.599563e-20
1332	1333	5.512713e-12
1332	-1335	4.797070e-09
1332	-1368	3.844927e-11
1332	-1377	3.519256e-12
-1333	-1334	9.408707e-31
-1333	1334	1.000000e+00
-1333	1336	4.159364e-30
1333	1334	1.433537e-21
1333	1358	3.674522e-30
1333	-1380	1.000000e+00
1333	-1525	3.675525e-30
1334	1335	1.000000e+00
-1334	-1380	3.390355e-30
1335	1336	9.595808e-18
-1336	1337	1.000000e+00
-1336	-1379	4.159340e-30
1336	1337	3.417322e-12
1337	1338	1.000000e+00
1337	-1346	2.422601e-23
1338	1339	1.000000e+00
-1339	-1367	2.422605e-23
1339	1340	1.000000e+00
1339	-1357	8.318353e-31
1339	1369	1.838280e-20
1340	1341	1.000000e+00
-1341	-1343	2.131288e-31
1341	1342	1.000000e+00
1342	1343	1.000000e+00
1342	1370	6.306248e-27
1343	1344	1.000000e+00
1343	1365	1.348904e-19
-1343	1344	2.134302e-31
1344	1345	1.000000e+00
1344	1349	2.132833e-31
-1345	1353	5.043861e-30
1345	1346	1.000000e+00
1346	1347	1.000000e+00
1347	1348	1.000000e+00
1348	1349	1.000000e+00
1348	-1352	5.043861e-30
-1348	1355	4.752374e-29
1349	1350	1.000000e+00
1350	1351	1.000000e+00
1351	1352	1.000000e+00
1352	1353	1.000000e+00
1352	1365	8.071841e-20
1352	-1606	3.855071e-17
-1353	-1359	1.980144e-24
1353	1354	1.000000e+00
1353	1365	1.632276e-25
1354	1355	1.000000e+00
-1354	1359	8.492105e-31
-1355	-1380	7.298392e-31
1355	1356	1.000000e+00
1356	1357	1.000000e+00
1357	1358	1.000000e+00
1357	1376	5.403791e-22
1358	1359	1.000000e+00
1358	-1359	3.195977e-21
-1359	1360	3.195980e-21
1359	1360	1.000000e+00
1360	1361	1.000000e+00
1360	1362	3.651510e-31
1361	1362	1.000000e+00
1361	-1362	2.129994e-31
1361	1429	4.099910e-23
-1361	-1428	5.784495e-23
-1362	1363	2.129994e-31
1362	1363	1.000000e+00
1363	1364	8.300191e-14
1363	-1364	9.999993e-01
1363	1367	2.162349e-13
-1364	-1366	9.999993e-01
1364	1365	2.149529e-12
-1365	1367	9.999572e-01
1365	1366	1.000000e+00
1365	-1377	1.599037e-17
-1366	1372	1.599062e-17
1366	1367	1.663372e-12
1367	1368	1.000000e+00
1367	1369	1.464611e-25
1368	1369	9.999812e-01
-1369	-1371	2.766614e-25
1369	1370	3.184979e-18
1369	-1371	1.000000e+00
1369	-1372	1.403707e-22
1370	1371	1.000000e+00
-1370	1372	5.873944e-14
-1370	-1372	9.999993e-01
-1370	1373	1.959774e-22
-1370	1377	1.867767e-22
-1371	1372	2.459739e-26
1371	1372	1.149434e-17
1371	1377	1.998648e-26
-1372	1373	4.734286e-18
-1372	1377	2.564202e-01
1372	1373	1.631742e-13
-1373	1378	9.999992e-01
1373	1374	1.000000e+00
1374	1375	1.000000e+00
1375	1376	1.000000e+00
1376	1377	1.556616e-02
1376	-1377	9.790637e-01
1377	1378	6.372835e-13
1378	1379	1.507708e-21
1378	-1379	1.000000e+00
1378	1380	4.159372e-30
1379	1380	1.507709e-21
-1379	1380	1.000000e+00
1381	1382	1.000000e+00
1381	-1383	2.422601e-23
-1381	1384	1.643117e-20
-1381	1391	4.840875e-16
-1381	-1526	5.394246e-10
-1381	-1610	4.890610e-13
-1382	1384	2.422601e-23
1382	1383	1.000000e+00
1383	1384	1.000000e+00
1383	1391	1.065433e-26
1384	1385	1.000000e+00
1384	1391	1.340426e-24
-1385	-1391	2.982770e-28
1385	1386	1.000000e+00
1385	-1391	1.169527e-22
-1386	-1392	1.169531e-22
1386	1387	1.000000e+00
1387	1388	1.000000e+00
1388	1389	1.000000e+00
1388	1390	3.648630e-31
1389	1390	1.000000e+00
1390	1391	9.999918e-01
1390	-1392	2.133079e-26
1390	-1395	6.526625e-12
-1391	1396	1.040896e-11
1391	1392	3.108210e-26
1391	-1392	1.000000e+00
-1392	1393	1.000000e+00
1392	1393	3.108210e-26
1393	1394	2.524783e-04
1393	-1394	9.684188e-01
1393	1395	3.904780e-22
1393	1397	7.937364e-27
-1394	1395	9.684188e-01
1394	1395	2.524783e-04
-1395	1396	8.616820e-23
1395	1396	9.999959e-01
1396	1397	1.000000e+00
1397	1398	1.000000e+00
-1398	1399	2.188406e-31
1398	1399	1.000000e+00
1398	-1399	2.132833e-31
1399	1400	1.000000e+00
-1399	1400	2.132833e-31
1400	1401	6.478020e-22
1400	-1401	1.000000e+00
-1401	1402	1.000000e+00
1401	1402	6.492791e-22
1402	1403	1.000000e+00
1402	1404	8.613241e-22
1403	-1404	3.316541e-12
1403	1404	1.000000e+00
1403	1405	1.351141e-24
1404	1405	6.818688e-07
1404	1577	1.348699e-08
-1404	-1575	9.461315e-23
-1405	-1407	1.440905e-21
-1405	-1427	1.082833e-15
-1405	1570	5.262014e-12
-1405	-1577	9.999457e-01
1405	1406	1.000000e+00
1406	1407	1.000000e+00
1406	1408	2.132833e-31
1407	1408	1.000000e+00
1408	-1409	2.132833e-31
1408	1409	1.000000e+00
1409	1410	1.000000e+00
-1409	1410	2.132833e-31
1410	1411	1.000000e+00
1410	1414	2.133042e-31
1410	-1622	1.151526e-24
-1411	1418	2.134725e-31
-1411	1619	7.728786e-29
1411	1412	1.000000e+00
1412	1413	1.000000e+00
1412	-1582	2.250426e-31
1413	1414	2.128317e-31
1413	-1416	1.000000e+00
1414	1415	1.000000e+00
1414	1417	2.132833e-31
-1414	-1415	2.132833e-31
-1414	1417	1.000000e+00
-1414	1579	2.131281e-31
-1415	1416	2.132833e-31
1415	1416	1.000000e+00
1416	1417	2.128317e-31
-1417	-1578	2.131281e-31
1417	1418	1.000000e+00
1418	1419	1.000000e+00
1419	1420	1.000000e+00
1419	-1421	4.752374e-29
1420	1421	1.000000e+00
1421	1422	1.000000e+00
1422	1423	1.000000e+00
1422	1424	1.192800e-28
-1423	-1425	1.192800e-28
1423	1424	1.000000e+00
1423	1426	1.192800e-28
1424	1425	1.000000e+00
1425	1426	1.000000e+00
1426	1427	1.000000e+00
1428	1429	2.844735e-14
1428	-1439	7.767872e-27
1428	-1444	9.999993e-01
-1428	1429	9.999993e-01
-1428	1470	1.004621e-26
1429	1430	1.000000e+00
1429	-1446	2.132833e-31
-1429	1432	5.802729e-19
1430	1431	1.000000e+00
-1430	1444	2.132833e-31
1431	1432	1.000000e+00
1431	1434	3.523408e-31
1431	-1556	4.322636e-18
1432	1433	2.508414e-13
1432	-1434	9.999959e-01
1432	-1441	1.337699e-12
-1433	1435	9.999993e-01
-1433	1442	8.349585e-15
1433	1434	1.000000e+00
1434	1435	2.508421e-13
1434	-1468	1.756485e-18
-1434	1446	4.752381e-29
-1435	1454	1.756473e-18
1435	-1436	4.752382e-29
1435	1436	1.000000e+00
1435	-1463	2.129955e-31
-1436	-1437	4.752374e-29
-1436	1464	2.129955e-31
1436	1437	1.000000e+00
1436	-1438	5.900084e-30
-1437	1438	4.752382e-29
1437	1438	1.000000e+00
1438	1439	2.265068e-10
1438	-1440	1.000000e+00
1438	1441	1.693219e-12
1438	-1487	8.144802e-21
-1439	1440	8.389235e-24
-1439	-1441	3.755632e-02
-1439	1441	9.205035e-07
-1439	-1444	1.800868e-16
1439	1440	1.000000e+00
1439	1441	1.531556e-17
1440	-1441	4.257306e-24
1440	1441	2.454256e-12
1441	1442	2.634812e-12
1441	-1458	8.759964e-16
1442	-1443	2.132833e-31
1442	1443	1.000000e+00
-1442	1445	9.999993e-01
-1442	1446	6.302712e-27
-1442	1468	6.297814e-27
1443	1444	1.000000e+00
-1443	1447	2.132833e-31
1444	1445	1.631795e-13
1445	1446	1.000000e+00
1446	1447	1.000000e+00
1447	1448	6.974071e-26
1447	-1450	1.000000e+00
1447	-1451	1.852654e-26
1447	-1458	5.354603e-29
-1448	1472	1.000000e+00
1448	1449	1.000000e+00
1449	1450	1.000000e+00
1450	1451	2.346152e-26
1450	1452	2.121466e-26
1450	-1468	4.471237e-30
1450	-1470	9.254126e-27
1451	1452	1.000000e+00
-1451	1460	1.000000e+00
-1451	1472	3.993223e-31
1452	1453	1.000000e+00
1453	1454	1.000000e+00
1453	-1479	9.461243e-23
1454	1455	1.000000e+00
-1455	-1463	2.129958e-31
1455	1456	1.000000e+00
1455	-1457	5.404064e-22
1455	-1476	3.246094e-30
1456	1457	6.360673e-30
1456	-1457	2.931824e-29
1456	-1458	1.000000e+00
1456	1459	3.196290e-21
1456	1476	4.001475e-30
-1456	-1458	3.196165e-21
-1456	1458	8.311793e-31
-1457	1458	1.000000e+00
1457	1458	1.321371e-30
1457	1459	1.000000e+00
1457	1476	8.741766e-31
1458	1459	4.498691e-29
1458	1460	7.507103e-30
1458	-1480	1.184027e-25
1459	1460	6.127332e-31
1459	1476	1.000000e+00
1460	1461	1.000000e+00
1460	1463	2.128280e-31
1461	1462	1.000000e+00
1462	1463	1.000000e+00
1463	1464	1.000000e+00
1463	1465	2.128299e-31
1464	1465	1.000000e+00
-1465	1484	2.128285e-31
1465	-1466	2.132833e-31
1465	1466	1.000000e+00
-1466	1467	2.132833e-31
1466	1467	1.000000e+00
1467	1468	1.000000e+00
1467	-1471	2.132924e-31
1467	1477	8.311794e-31
1468	-1469	4.187445e-31
1468	1469	1.000000e+00
-1468	-1475	2.132924e-31
-1469	1470	4.187466e-31
1469	1470	1.000000e+00
1470	1471	1.000000e+00
-1470	-1477	4.501091e-19
1471	1472	6.127321e-31
1471	-1475	1.000000e+00
1472	1473	1.000000e+00
1472	1474	4.226975e-31
1473	1474	1.000000e+00
1473	1476	4.098671e-31
1474	1475	1.000000e+00
1475	1476	6.127318e-31
1476	1477	1.000000e+00
1477	1478	9.595554e-18
1477	-1480	9.999993e-01
1478	1479	1.000000e+00
-1478	1481	1.000000e+00
1479	1480	1.000000e+00
1480	1481	1.240005e-17
-1480	-1487	1.330915e-21
1481	1482	1.000000e+00
1482	1483	1.000000e+00
1483	1484	1.000000e+00
1483	-1485	2.132837e-31
-1483	1487	4.752428e-29
-1484	1486	2.132837e-31
1484	1485	1.000000e+00
1485	1486	1.000000e+00
1486	1487	1.000000e+00
-1488	1502	1.000000e+00
1488	1489	1.000000e+00
1488	1490	3.653515e-31
1489	1490	1.000000e+00
1490	1491	1.000000e+00
1491	1492	1.000000e+00
1492	1493	1.000000e+00
1493	1494	1.000000e+00
1494	1495	1.000000e+00
1494	1496	2.131324e-31
1495	1496	1.000000e+00
1495	-1497	1.538770e-26
-1496	1498	1.538770e-26
1496	1497	1.000000e+00
1496	-1501	5.659251e-19
1496	1516	5.381039e-24
-1497	-1516	5.381039e-24
1497	1498	1.000000e+00
1497	1499	1.537908e-21
1497	-1500	2.179536e-22
1498	1499	1.000000e+00
-1498	-1501	4.205331e-15
-1498	1501	2.179536e-22
1499	1500	1.000000e+00
1500	1501	1.000000e+00
1501	1502	1.849855e-24
1501	1510	1.973035e-20
1501	-1515	1.529888e-18
1501	1518	3.628609e-21
1502	1503	1.000000e+00
1502	1504	3.648630e-31
1503	1504	1.000000e+00
1504	1505	1.000000e+00
1504	-1507	5.405777e-22
-1505	1508	5.405777e-22
1505	1506	1.000000e+00
1506	1507	1.000000e+00
1506	1508	4.977588e-30
-1507	1509	2.132859e-31
1507	-1508	4.977654e-30
1507	1508	1.000000e+00
1508	1509	1.000000e+00
1509	1510	1.000000e+00
1509	1518	2.131302e-31
1510	1511	1.000000e+00
1510	1512	3.648636e-31
-1510	-1525	7.627191e-29
-1510	-1526	1.512163e-19
-1511	-1526	1.166760e-20
1511	1512	1.000000e+00
1512	1513	1.000000e+00
1512	-1526	9.868539e-21
-1513	1526	4.951435e-30
1513	1514	1.000000e+00
1513	1515	2.132833e-31
1513	-1516	2.131288e-31
1514	1515	1.000000e+00
1515	1516	1.000000e+00
1516	1517	1.000000e+00
1517	1518	1.000000e+00
1518	-1519	4.752455e-29
1518	1519	1.000000e+00
1519	1520	1.000000e+00
1519	1521	3.656674e-31
1520	1521	1.000000e+00
1521	1522	1.000000e+00
1521	-1522	3.648630e-31
1522	1523	1.000000e+00
-1522	1523	3.648630e-31
1523	1524	1.000000e+00
1524	1525	1.000000e+00
1525	1526	1.000000e+00
1526	-1604	2.709393e-09
1527	1528	1.000000e+00
-1527	1540	1.000000e+00
1528	1529	1.000000e+00
1528	-1539	1.338500e-12
-1529	-1556	2.794589e-20
1529	1530	1.000000e+00
-1530	1531	8.485408e-31
1530	1531	1.000000e+00
1530	-1537	5.403854e-22
1531	1532	1.000000e+00
1531	-1539	2.321787e-11
-1531	1532	5.403922e-22
1532	1533	1.000000e+00
1532	-1539	1.291136e-20
1533	1534	1.000000e+00
1533	-1534	2.132833e-31
-1534	1535	2.132833e-31
1534	1535	1.000000e+00
1535	1536	1.000000e+00
1536	1537	1.000000e+00
-1536	1537	3.246104e-30
1537	1538	1.000000e+00
1538	1539	1.000000e+00
1539	1540	2.059075e-20
1539	1546	3.661232e-16
1539	1605	5.710892e-11
1540	-1541	2.132833e-31
1540	1541	1.000000e+00
1541	1542	1.000000e+00
-1541	1542	2.132833e-31
1542	1543	1.000000e+00
1543	1544	1.000000e+00
1543	-1545	3.399585e-31
-1544	-1546	2.132833e-31
1544	-1545	3.392324e-31
1544	1545	1.000000e+00
1545	1546	1.000000e+00
1546	1547	1.000000e+00
-1546	1547	3.399585e-31
-1546	-1554	3.399918e-31
1547	1548	1.000000e+00
1548	1549	1.000000e+00
1549	1550	1.000000e+00
1549	1555	1.034592e-30
1550	1551	1.000000e+00
1551	1552	1.000000e+00
1552	1553	1.000000e+00
1553	1554	1.000000e+00
1554	1555	1.000000e+00
1554	1556	5.043852e-30
1555	-1556	6.065761e-26
1555	1556	1.000000e+00
-1557	1565	9.475302e-14
-1557	1572	2.559677e-15
-1557	-1572	1.152548e-10
-1557	1644	2.333820e-19
1557	1558	1.000000e+00
1557	-1561	4.127916e-16
-1558	1559	4.004124e-30
-1558	1562	4.165125e-16
1558	1559	1.000000e+00
1559	1560	1.000000e+00
1559	-1561	8.981133e-26
1560	-1561	7.226540e-20
1560	1561	1.000000e+00
-1560	1562	1.838338e-20
-1561	1567	2.134017e-31
1561	1562	9.999812e-01
1561	1570	4.848472e-20
1562	1563	1.000000e+00
1563	1564	1.000000e+00
1563	1573	8.744517e-26
1564	1565	9.999132e-01
1564	-1565	1.282117e-24
1564	1570	9.187639e-12
1564	-1571	1.403501e-23
-1565	1566	1.520369e-24
-1565	-1569	5.226799e-19
-1565	1570	1.859894e-14
1565	-1566	3.661517e-31
1565	1566	1.000000e+00
-1566	1567	3.658047e-31
1566	1567	1.000000e+00
1567	1568	9.999127e-01
1567	1572	6.460523e-16
1567	-1572	1.710838e-11
-1567	-1618	5.007967e-29
1568	1569	1.000000e+00
1569	1570	9.999812e-01
1569	-1576	3.441093e-07
1570	1571	1.000000e+00
1571	1572	1.000000e+00
1571	1573	6.773194e-16
1571	-1576	9.550770e-16
1572	1573	9.999812e-01
-1572	-1643	1.308234e-24
1573	1574	1.000000e+00
1573	1619	5.007913e-29
-1573	1574	1.193433e-20
-1573	-1574	1.841843e-20
1574	1575	1.000000e+00
-1574	1575	7.728819e-29
1575	1576	1.000000e+00
1576	1577	1.716566e-07
1576	1597	1.908705e-16
-1577	-1578	2.590176e-26
-1577	1578	9.999957e-01
1577	1578	3.436588e-11
1577	1579	1.349002e-19
-1578	1579	2.590173e-26
1578	1579	1.000000e+00
1578	-1598	3.052540e-28
1579	-1580	2.132833e-31
1579	1580	1.000000e+00
1580	1581	1.000000e+00
-1580	1581	2.132833e-31
1581	1582	1.000000e+00
1581	-1583	4.752374e-29
1582	1583	1.000000e+00
1582	-1584	4.448373e-27
1582	1604	4.752570e-29
-1582	1584	4.752374e-29
1583	1584	1.000000e+00
1583	-1585	3.396929e-27
-1583	1586	9.617342e-23
1584	-1585	4.926114e-01
1584	1585	4.806439e-01
1584	1587	4.545479e-26
1585	1586	8.876473e-05
1585	-1587	4.092641e-29
-1585	1586	1.005652e-02
1586	1587	1.000000e+00
1586	1588	2.132833e-31
1587	1588	1.000000e+00
1588	1589	1.000000e+00
1589	1590	9.999959e-01
1590	1591	1.000000e+00
1591	-1592	4.712990e-10
1591	1592	9.998446e-01
1591	1593	2.260802e-24
1591	-1596	2.526247e-24
-1592	1593	2.260800e-24
-1592	1594	6.046775e-09
1592	1593	9.999939e-01
1592	1594	3.922608e-21
1593	1594	9.999189e-01
1594	1595	1.000000e+00
1595	1596	1.000000e+00
1596	1597	1.000000e+00
1596	-1601	1.151547e-24
1596	-1604	1.983109e-15
1597	1598	1.000000e+00
1598	1599	1.000000e+00
1599	1600	1.000000e+00
1599	-1601	2.133045e-31
1599	1602	2.133045e-31
-1599	-1604	1.331053e-19
1600	1601	1.000000e+00
-1600	1601	2.128257e-31
1601	1602	1.000000e+00
-1601	1602	5.043909e-30
-1602	1603	2.133045e-31
1602	1603	1.000000e+00
1603	1604	1.000000e+00
1604	1637	2.050284e-19
1605	1606	1.000000e+00
1606	1607	5.626682e-06
-1607	-1608	2.925716e-04
-1607	1609	3.726238e-25
-1607	1614	4.176007e-13
-1607	-1617	2.576589e-12
1607	-1608	9.997060e-01
1607	1608	1.180480e-22
1607	1609	5.157928e-23
1608	1609	1.180135e-22
1608	1612	3.219406e-15
-1608	1609	1.000000e+00
-1608	-1610	3.618659e-27
-1608	-1614	1.172129e-28
1609	1610	1.000000e+00
1610	1611	9.989064e-01
1610	-1612	7.900482e-24
1610	1612	6.198367e-08
-1611	-1617	1.093372e-03
1611	1612	8.986697e-17
1611	1613	1.000000e+00
-1612	1614	1.647802e-07
-1612	-1615	3.026887e-18
-1612	-1617	1.353042e-06
-1612	-1646	5.922764e-06
1612	1613	2.252982e-26
1612	-1613	1.000000e+00
1613	-1614	4.747521e-27
1613	1614	5.988051e-17
-1613	-1617	3.720115e-22
1614	1615	1.000000e+00
-1614	1615	2.110251e-16
1615	1616	1.000000e+00
1616	1617	1.000000e+00
1617	1618	1.104554e-11
1618	1619	1.000000e+00
1619	1620	1.000000e+00
1619	-1621	2.422601e-23
1620	1621	1.000000e+00
-1620	1622	2.422601e-23
1621	1622	1.000000e+00
1622	1623	1.000000e+00
1623	1624	1.000000e+00
1624	1625	1.000000e+00
1624	1626	2.422601e-23
1625	1626	1.000000e+00
1626	1627	1.000000e+00
1626	1628	2.422601e-23
1626	1630	3.560931e-31
1627	1628	1.000000e+00
1628	1629	1.000000e+00
1628	1630	5.149249e-30
1629	1630	1.000000e+00
1629	-1633	1.799672e-22
1630	1631	1.000000e+00
1631	1632	1.000000e+00
1632	1633	1.000000e+00
1634	1635	1.000000e+00
1635	1636	1.000000e+00
1635	-1637	2.260646e-31
1635	1637	2.248583e-31
1636	1637	1.000000e+00
1636	-1646	1.973260e-19
1637	1638	1.000000e+00
-1637	1640	2.262676e-31
1638	1639	9.999959e-01
-1638	-1639	2.130333e-31
1639	1640	1.000000e+00
1640	1641	1.000000e+00
1640	-1643	1.172003e-28
1641	1642	1.000000e+00
-1641	-1644	4.752374e-29
1642	1643	1.000000e+00
1643	1644	1.000000e+00
1644	1645	1.000000e+00
-1644	1645	1.172003e-28
1645	1646	1.000000e+00
-1645	-1646	8.780600e-22
